2.68246e-07
1.70962e-09
1.93041e-07
5.41261e-08
1.18266e-07
1.18848e-07
7.22957e-08
3.93997e-08
3.51905e-08
9.50187e-08
8.56423e-08
6.21511e-08
8.1068e-08
8.14219e-08
7.76481e-08
8.08331e-08
5.81908e-08
8.07219e-08
1.14181e-08
4.08138e-08
8.59702e-09
7.15647e-08
4.50572e-08
5.07984e-08
2.76077e-08
1.93024e-08
9.53141e-09
1.28006e-08
1.16888e-08
5.60039e-08
2.00322e-08
2.87016e-08
3.03201e-08
5.87857e-08
8.95607e-08
1.37224e-07
9.07577e-08
8.79801e-08
7.41377e-08
9.84901e-08
1.09316e-07
9.29799e-08
8.41831e-08
9.00832e-08
2.35055e-07
5.28758e-08
4.64093e-08
7.24517e-08
1.0046e-07
1.09492e-07
5.23651e-08
9.01426e-08
1.67055e-07
1.07862e-07
1.04351e-09
6.86837e-08
9.45048e-08
4.77309e-08
2.6291e-08
1.22946e-07
6.54435e-08
3.00948e-08
4.03286e-08
8.82452e-08
7.61574e-08
5.6697e-08
5.12909e-08
8.45778e-08
1.14218e-07
2.88382e-08
4.13984e-08
2.49582e-08
7.69767e-08
4.87935e-08
3.69769e-08
3.14094e-08
2.77188e-08
4.69926e-08
5.62392e-08
5.35241e-08
3.34761e-08
4.66198e-08
5.53169e-08
7.81547e-08
8.90833e-08
7.19532e-08
1.00676e-07
8.10482e-08
9.01791e-08
4.69859e-08
8.87051e-08
5.17343e-08
4.83571e-08
6.37019e-08
7.99593e-08
5.24576e-08
6.40821e-08
9.21306e-08
7.37534e-08
2.05579e-08
4.42211e-08
7.39578e-08
7.04482e-08
6.52635e-08
6.63858e-08
4.91592e-08
6.47171e-08
1.26836e-08
3.59499e-08
7.3658e-09
5.9222e-08
3.96047e-08
3.2857e-08
3.53369e-08
2.29805e-08
4.40538e-08
7.4281e-08
6.52852e-08
7.03248e-08
6.88827e-08
8.23008e-08
6.73362e-08
4.8445e-08
5.42988e-08
6.75928e-08
8.02371e-08
9.32009e-08
7.66993e-08
5.11266e-08
6.40631e-08
1.22741e-07
5.61161e-08
2.40592e-08
3.57868e-08
8.53351e-08
7.4436e-08
6.45322e-08
5.59337e-08
7.44642e-08
6.61399e-08
3.34537e-08
1.64991e-08
5.21792e-08
4.37168e-08
2.61372e-08
6.28695e-08
5.64656e-08
5.80243e-08
7.14326e-08
5.02839e-08
4.50918e-08
4.03194e-08
2.34645e-08
5.85976e-08
3.87596e-08
4.40018e-08
7.0192e-09
4.36431e-08
5.61485e-09
4.42339e-08
1.33217e-08
4.48967e-08
1.90703e-08
4.55337e-08
2.39366e-08
4.61603e-08
2.81906e-08
4.67929e-08
3.18887e-08
4.74382e-08
3.50519e-08
4.80972e-08
3.77147e-08
4.87681e-08
3.9941e-08
4.94483e-08
4.18257e-08
5.0135e-08
4.34809e-08
5.08255e-08
4.50127e-08
5.15174e-08
4.65026e-08
5.22087e-08
4.79993e-08
5.28976e-08
4.95222e-08
5.35826e-08
5.10704e-08
5.42624e-08
5.2633e-08
5.4936e-08
5.41955e-08
5.56026e-08
5.57433e-08
5.62615e-08
5.7262e-08
5.69121e-08
5.87375e-08
5.75543e-08
6.01562e-08
5.81878e-08
6.15053e-08
5.88124e-08
6.27741e-08
5.94283e-08
6.39543e-08
6.00355e-08
6.5041e-08
6.0634e-08
6.60328e-08
6.12241e-08
6.69319e-08
6.18059e-08
6.77433e-08
6.23796e-08
6.84742e-08
6.29453e-08
6.91326e-08
6.35032e-08
6.97271e-08
6.40532e-08
7.02659e-08
6.45954e-08
7.07565e-08
6.51298e-08
7.12056e-08
6.56561e-08
7.16187e-08
6.61743e-08
7.20003e-08
6.66841e-08
7.23538e-08
6.71851e-08
7.26813e-08
6.76769e-08
7.29843e-08
6.81591e-08
7.32633e-08
6.8631e-08
7.35183e-08
6.9092e-08
7.37485e-08
6.95416e-08
7.39531e-08
6.99788e-08
7.4131e-08
7.04029e-08
7.42809e-08
7.08131e-08
7.44018e-08
7.12083e-08
7.44925e-08
7.15876e-08
7.45524e-08
7.195e-08
7.45809e-08
7.22943e-08
7.45777e-08
7.26194e-08
7.45429e-08
7.29241e-08
7.44768e-08
7.32071e-08
7.43799e-08
7.34673e-08
7.42531e-08
7.37032e-08
7.40973e-08
7.39136e-08
3.76371e-08
3.1597e-08
3.95153e-08
8.31725e-09
3.41596e-08
2.02259e-08
2.83164e-08
4.09455e-08
2.89212e-08
5.30129e-09
4.06585e-08
3.44232e-08
4.22295e-08
1.30846e-07
1.31303e-07
4.29587e-08
1.3038e-07
1.31751e-07
1.29906e-07
4.15741e-08
1.3219e-07
1.29423e-07
5.98564e-08
1.32619e-07
1.28933e-07
1.33036e-07
1.28436e-07
1.33442e-07
1.27931e-07
1.33836e-07
6.10952e-08
1.27418e-07
1.34216e-07
4.46501e-08
1.26898e-07
5.31255e-08
5.79448e-08
1.34583e-07
1.2637e-07
5.16392e-08
1.34934e-07
4.51755e-08
1.25834e-07
4.45902e-08
1.35269e-07
1.25291e-07
1.35587e-07
1.24739e-07
7.20878e-08
1.35887e-07
7.46435e-09
1.24179e-07
1.36167e-07
1.2361e-07
2.63336e-08
1.23033e-07
4.41565e-08
1.36427e-07
1.22448e-07
1.21853e-07
1.36664e-07
3.52261e-08
2.32522e-08
1.2125e-07
6.86924e-08
5.53264e-08
4.02517e-08
1.20639e-07
1.36879e-07
1.2002e-07
1.37068e-07
1.19393e-07
1.37232e-07
5.32199e-08
4.9677e-08
1.1876e-07
5.87561e-08
1.37369e-07
5.63995e-08
6.59463e-08
4.97003e-08
1.18121e-07
1.37477e-07
6.68596e-08
1.17478e-07
4.31961e-08
1.37557e-07
2.37765e-08
7.41077e-08
1.16832e-07
3.06785e-08
1.37606e-07
5.09372e-08
1.37624e-07
5.52881e-08
5.57912e-08
1.3761e-07
1.16184e-07
6.78959e-08
1.37565e-07
1.37489e-07
6.48241e-08
1.37381e-07
1.15536e-07
6.81967e-08
7.4635e-08
1.37243e-07
1.37076e-07
6.35772e-08
7.09388e-08
1.36881e-07
1.14891e-07
1.36658e-07
2.64266e-08
1.3641e-07
6.53065e-08
2.9348e-08
6.93411e-08
3.5075e-08
1.36137e-07
6.24731e-08
7.28935e-08
1.35841e-07
1.86455e-08
1.14252e-07
1.35522e-07
3.29099e-08
1.35179e-07
7.28809e-08
1.34813e-07
6.01062e-08
1.34421e-07
7.60375e-08
1.1362e-07
1.34e-07
7.37493e-08
1.33548e-07
3.17923e-08
1.33058e-07
1.32524e-07
1.13e-07
1.31939e-07
4.62642e-08
1.31296e-07
5.05673e-08
5.48742e-08
1.30584e-07
6.43355e-08
1.12395e-07
1.29796e-07
6.32466e-08
1.28923e-07
7.77363e-08
7.09695e-08
1.27957e-07
1.26894e-07
8.86301e-08
1.04738e-07
1.25735e-07
1.24481e-07
1.11804e-07
1.2314e-07
1.21723e-07
7.20011e-08
1.20242e-07
1.18711e-07
1.17144e-07
4.2815e-08
5.19891e-08
1.15556e-07
1.06896e-07
1.11223e-07
5.98335e-08
5.51674e-08
1.1396e-07
1.04237e-07
1.09525e-07
1.12372e-07
2.87027e-08
7.18205e-08
1.10809e-07
1.09284e-07
1.07796e-07
1.10629e-07
3.56852e-08
6.0505e-08
1.06317e-07
1.04779e-07
3.0362e-08
7.96617e-09
5.61795e-08
1.03076e-07
1.01079e-07
4.28943e-08
1.0994e-07
9.86692e-08
4.99306e-08
1.15697e-07
9.57635e-08
9.23272e-08
1.08862e-07
8.83665e-08
5.91695e-09
7.76324e-08
8.39366e-08
1.06298e-07
7.91514e-08
4.11434e-08
7.39526e-08
7.38334e-08
1.09795e-07
9.81191e-08
6.5357e-08
6.3846e-08
4.99591e-08
2.4787e-08
1.11457e-07
1.22024e-08
2.82183e-08
3.59718e-08
3.90567e-08
3.45484e-08
4.83805e-08
4.47209e-08
4.3974e-08
3.85164e-08
1.33259e-07
3.60077e-08
4.7576e-08
1.32848e-07
1.33661e-07
1.32429e-07
1.34055e-07
1.32003e-07
4.4965e-08
1.34439e-07
1.31569e-07
1.34813e-07
3.75604e-08
1.31128e-07
1.35176e-07
1.3068e-07
1.35528e-07
6.07911e-08
1.30224e-07
6.97604e-08
1.35867e-07
1.29761e-07
5.5418e-08
1.36193e-07
1.29292e-07
1.36505e-07
1.28814e-07
4.59194e-08
1.36801e-07
1.2833e-07
1.37082e-07
1.27837e-07
1.37345e-07
6.4202e-08
1.27336e-07
1.37589e-07
1.26827e-07
1.2631e-07
1.37814e-07
1.25784e-07
1.01398e-07
8.18744e-08
1.2525e-07
1.38018e-07
1.24707e-07
1.24155e-07
1.382e-07
1.23596e-07
1.38358e-07
1.23028e-07
7.24487e-08
1.38491e-07
1.96192e-08
1.22454e-07
1.38597e-07
5.42353e-08
1.21873e-07
5.17155e-08
1.38676e-07
4.10871e-08
6.4667e-08
6.64874e-08
1.21287e-07
1.38727e-07
1.20696e-07
5.49815e-08
1.38747e-07
5.29519e-08
1.38737e-07
1.20103e-07
6.15987e-08
1.38696e-07
1.38622e-07
7.02916e-08
1.38517e-07
1.1951e-07
6.36294e-08
1.38381e-07
6.17458e-08
1.38214e-07
8.00564e-08
1.38016e-07
1.18918e-07
1.3779e-07
1.37537e-07
7.10698e-08
1.37258e-07
7.56608e-08
1.1833e-07
1.36954e-07
3.95622e-08
7.12493e-08
1.36628e-07
7.38437e-08
1.3628e-07
1.3591e-07
4.5355e-08
7.65415e-08
1.35519e-07
1.1775e-07
3.86559e-08
1.35106e-07
6.00355e-08
1.34668e-07
7.32226e-08
1.34202e-07
5.257e-08
1.33704e-07
1.17181e-07
1.33169e-07
1.32588e-07
1.31954e-07
1.16629e-07
1.31257e-07
1.30488e-07
5.93631e-08
1.29636e-07
8.08531e-08
1.28692e-07
1.16099e-07
1.27647e-07
1.26498e-07
8.77764e-08
1.25246e-07
1.23898e-07
1.22463e-07
1.20954e-07
1.02685e-07
1.15596e-07
1.19388e-07
7.869e-08
1.17779e-07
1.16142e-07
1.03477e-07
6.13478e-08
1.14489e-07
1.12834e-07
5.54363e-08
1.11194e-07
1.15126e-07
1.09595e-07
1.08061e-07
1.06598e-07
1.05165e-07
7.47762e-08
3.44454e-08
1.14725e-07
1.03655e-07
3.69807e-08
1.01911e-07
9.97652e-08
2.64268e-08
9.70945e-08
1.14576e-07
9.38451e-08
9.00374e-08
8.57391e-08
1.15479e-07
8.13329e-08
9.50769e-08
7.86566e-08
6.64372e-08
1.2018e-07
8.98417e-08
6.90515e-08
5.10846e-08
1.32585e-07
6.44605e-08
9.25403e-08
5.31087e-08
1.20528e-08
9.69911e-08
3.90344e-08
4.30565e-08
1.60427e-07
2.48053e-08
7.97439e-08
7.08434e-08
5.91701e-08
5.97707e-08
7.76392e-08
6.01009e-08
4.42759e-08
7.13289e-08
3.43731e-08
4.46917e-08
5.75516e-08
4.20011e-08
2.58912e-08
5.38411e-08
5.36081e-08
5.22207e-08
5.33243e-08
3.20415e-08
9.211e-08
4.77842e-08
5.95923e-08
2.80088e-08
2.09821e-08
4.38709e-08
4.61487e-08
2.26514e-08
1.49139e-08
1.75389e-08
1.15003e-08
1.43608e-08
3.06947e-08
1.94628e-08
1.31452e-07
1.39968e-07
6.38692e-08
5.43397e-08
3.03388e-08
4.46987e-08
3.42069e-08
4.4632e-08
4.45547e-08
1.30114e-07
1.29746e-07
1.31496e-07
1.29371e-07
1.30473e-07
1.28988e-07
1.30824e-07
1.31165e-07
1.28598e-07
1.282e-07
1.31816e-07
1.27797e-07
1.27386e-07
1.32125e-07
1.26969e-07
5.49873e-08
1.32421e-07
1.26544e-07
1.32704e-07
1.26113e-07
1.32972e-07
1.25674e-07
1.33226e-07
1.25228e-07
1.33462e-07
1.24774e-07
1.33681e-07
1.24312e-07
6.99703e-08
1.33881e-07
1.23842e-07
1.23363e-07
1.34061e-07
1.22875e-07
1.22379e-07
1.21873e-07
1.21359e-07
1.3422e-07
1.34356e-07
1.20837e-07
6.441e-08
1.34467e-07
1.20307e-07
1.34553e-07
6.80003e-08
1.19769e-07
1.34612e-07
5.17241e-08
6.5758e-08
1.19226e-07
1.34643e-07
4.91391e-08
5.9903e-08
1.18676e-07
1.34644e-07
1.18123e-07
1.34614e-07
1.34552e-07
1.34458e-07
1.17568e-07
6.82208e-08
1.34332e-07
1.34173e-07
6.86938e-08
7.35039e-08
1.33982e-07
1.17013e-07
1.3376e-07
1.33508e-07
1.33228e-07
1.16461e-07
7.59683e-08
1.32921e-07
6.31994e-08
1.3259e-07
1.32236e-07
1.31862e-07
1.15916e-07
1.31468e-07
5.84272e-08
7.90165e-08
1.31055e-07
1.30623e-07
7.81369e-08
1.30171e-07
6.93343e-08
1.15385e-07
7.92262e-08
1.29697e-07
1.29197e-07
1.28666e-07
1.14876e-07
1.28097e-07
1.27481e-07
1.14403e-07
1.2681e-07
7.52848e-08
1.26072e-07
1.25255e-07
1.13978e-07
1.24346e-07
8.81429e-08
1.23332e-07
1.22204e-07
8.13731e-08
1.20958e-07
1.19599e-07
1.13593e-07
1.18138e-07
1.13305e-07
1.01103e-07
1.1659e-07
1.14973e-07
1.11606e-07
4.98173e-08
1.09033e-07
9.97879e-08
1.09886e-07
1.08149e-07
1.13153e-07
6.32915e-08
1.06402e-07
1.04664e-07
1.02982e-07
1.01409e-07
5.98955e-08
1.12318e-07
9.99556e-08
9.8521e-08
5.99946e-08
9.68798e-08
5.71976e-08
9.47924e-08
9.30772e-08
6.29971e-08
9.21884e-08
8.49207e-08
8.8988e-08
1.10345e-07
1.09917e-07
8.03621e-08
7.1154e-08
8.62975e-08
7.38266e-08
7.59686e-08
1.58887e-07
2.7794e-08
1.22079e-07
9.3281e-08
1.31898e-07
5.28249e-08
1.43065e-07
4.33905e-08
7.58649e-08
6.30737e-08
1.07921e-07
1.07198e-07
1.39563e-08
6.59916e-08
6.50256e-08
2.73087e-08
1.16003e-07
5.86725e-08
6.19557e-08
6.33007e-08
5.83942e-08
5.97892e-08
1.01173e-07
3.41672e-08
1.57005e-08
4.25192e-08
4.78053e-08
1.98175e-09
1.07504e-07
7.29584e-08
8.51179e-08
8.09393e-08
6.13557e-08
3.81702e-08
6.82645e-08
3.84835e-08
5.1744e-08
5.51341e-08
5.21267e-08
5.77987e-08
1.94646e-08
9.75039e-09
8.39141e-08
2.8326e-08
4.78891e-08
5.36647e-08
4.7201e-08
1.26052e-07
1.2427e-07
1.2734e-07
1.26387e-07
1.25709e-07
1.2536e-07
1.27639e-07
1.27031e-07
1.26713e-07
1.2464e-07
1.25003e-07
1.23894e-07
1.27926e-07
1.23511e-07
1.28202e-07
1.23122e-07
1.28465e-07
1.22727e-07
1.28715e-07
1.21497e-07
1.22324e-07
1.21914e-07
1.2895e-07
1.29169e-07
1.29372e-07
1.21072e-07
1.29557e-07
1.20638e-07
1.29722e-07
1.20196e-07
1.19745e-07
1.19285e-07
1.29867e-07
1.18815e-07
1.18337e-07
1.17849e-07
1.2999e-07
1.3009e-07
1.17352e-07
1.30164e-07
6.38382e-08
1.16847e-07
1.30212e-07
6.4675e-08
1.16334e-07
1.30232e-07
5.30175e-08
1.15815e-07
1.30222e-07
1.1529e-07
1.14761e-07
1.30182e-07
1.30109e-07
8.74795e-08
1.30002e-07
1.1423e-07
1.29862e-07
1.29688e-07
7.79427e-08
1.2948e-07
3.52318e-08
8.371e-08
1.29239e-07
1.28966e-07
1.13702e-07
1.28664e-07
1.28333e-07
1.27977e-07
1.27599e-07
1.13179e-07
7.69732e-08
1.272e-07
1.26784e-07
1.26351e-07
1.12672e-07
1.25902e-07
8.18663e-08
1.25439e-07
7.33386e-08
1.2496e-07
1.24463e-07
1.12198e-07
1.23942e-07
1.23392e-07
1.11794e-07
1.11056e-07
8.41555e-08
1.22804e-07
1.22169e-07
1.11533e-07
1.21475e-07
1.20709e-07
3.06964e-08
1.19855e-07
4.00874e-08
1.18893e-07
1.17806e-07
1.11553e-07
6.30673e-08
1.1658e-07
1.15217e-07
1.08705e-07
1.02151e-07
1.06923e-07
1.13731e-07
1.10453e-07
1.12136e-07
1.05129e-07
1.09689e-07
1.12047e-07
8.24011e-08
1.00774e-07
1.0332e-07
1.12959e-07
1.01471e-07
9.57399e-08
9.76308e-08
7.14681e-08
9.95656e-08
9.39542e-08
9.21965e-08
6.73811e-08
1.12205e-07
8.99792e-08
7.75953e-08
1.02785e-07
1.16843e-07
8.74182e-08
8.62556e-08
7.52461e-08
8.10616e-08
7.81837e-08
5.07151e-08
6.25781e-08
6.40749e-08
7.37331e-08
9.74782e-08
7.03912e-08
8.33653e-08
7.23496e-08
4.66678e-08
5.52775e-08
7.59132e-08
7.10844e-08
4.02747e-08
3.56814e-08
5.92242e-08
4.10644e-08
3.41969e-08
1.21584e-07
5.38477e-08
2.07746e-08
1.90105e-08
7.90143e-08
6.00998e-08
1.0587e-07
7.37919e-08
6.28959e-08
8.39814e-08
5.50907e-08
5.2157e-08
6.59443e-08
6.1222e-08
6.82452e-08
8.28794e-08
6.12582e-08
7.89209e-08
5.59263e-08
7.8186e-08
5.0753e-08
4.58642e-08
5.92943e-08
7.97878e-08
7.75024e-08
6.64564e-08
1.00221e-07
6.69677e-08
6.60951e-08
5.43834e-08
7.91254e-08
1.03301e-09
1.06788e-08
5.35448e-09
7.52182e-08
3.44362e-08
5.29707e-08
3.70086e-08
1.26508e-07
3.98711e-08
9.12042e-09
1.03315e-07
2.8625e-08
4.15662e-08
9.06656e-08
8.5515e-08
1.23048e-07
1.23624e-07
1.2334e-07
1.23897e-07
1.22746e-07
1.24159e-07
1.2441e-07
1.22437e-07
4.77298e-08
1.20437e-07
1.24648e-07
1.20786e-07
1.2212e-07
9.09658e-08
1.21796e-07
1.21129e-07
1.21465e-07
1.24871e-07
1.20083e-07
1.2508e-07
7.10497e-08
1.25274e-07
1.19722e-07
1.17819e-07
1.19355e-07
4.05748e-08
1.18214e-07
1.18981e-07
1.18601e-07
1.2545e-07
1.17416e-07
1.17004e-07
1.16583e-07
1.25607e-07
1.16152e-07
7.00967e-08
1.15712e-07
1.15262e-07
1.25746e-07
1.14802e-07
1.25863e-07
3.36396e-08
1.14332e-07
1.25957e-07
1.26027e-07
1.13852e-07
1.26072e-07
7.31933e-08
1.13363e-07
1.26088e-07
1.26075e-07
1.12866e-07
1.12362e-07
1.11852e-07
1.26031e-07
1.11337e-07
1.25955e-07
1.3458e-07
1.25843e-07
1.25697e-07
1.10822e-07
6.60667e-08
1.25514e-07
7.26613e-08
1.25295e-07
1.25039e-07
1.24428e-07
1.2475e-07
1.1031e-07
7.94636e-08
1.24075e-07
8.05454e-08
8.00224e-08
1.23695e-07
1.09811e-07
1.23292e-07
1.22868e-07
7.71676e-08
1.22427e-07
1.09343e-07
6.9881e-08
1.21973e-07
7.51979e-08
1.21506e-07
1.2005e-07
1.20545e-07
7.16183e-08
1.2103e-07
8.84107e-08
1.19542e-07
1.0895e-07
1.19016e-07
1.0875e-07
1.18461e-07
1.09063e-07
1.17866e-07
1.15715e-07
1.1722e-07
1.16508e-07
8.57822e-08
8.78179e-08
1.14817e-07
1.10833e-07
1.13785e-07
1.12594e-07
1.04525e-07
1.11244e-07
1.02619e-07
1.06377e-07
1.0975e-07
1.00712e-07
1.08125e-07
9.93653e-08
7.6462e-08
1.1692e-07
9.88185e-08
1.09515e-07
1.28473e-07
9.68735e-08
7.18014e-08
9.48278e-08
9.27395e-08
9.06895e-08
1.3626e-07
8.86239e-08
6.26252e-08
8.57316e-08
7.53068e-08
8.26388e-08
1.97346e-07
1.67517e-08
7.63032e-08
8.8295e-08
6.56196e-08
8.09357e-08
6.64085e-08
6.3788e-08
9.97538e-09
7.26774e-08
5.12208e-08
8.63596e-08
5.69004e-08
4.64881e-08
6.98227e-08
7.63374e-08
8.67679e-08
4.53886e-08
7.67526e-08
9.7458e-08
6.60998e-08
1.32665e-07
5.09108e-08
8.83852e-08
5.49875e-08
9.16922e-08
1.887e-08
7.3879e-08
4.02994e-08
5.46708e-08
4.80582e-08
6.4178e-08
2.11716e-09
1.01647e-07
1.06179e-07
4.8549e-08
4.64958e-08
1.35511e-08
3.36961e-08
9.18062e-08
8.8184e-08
3.82025e-08
4.70585e-08
6.07135e-08
4.30471e-08
4.26985e-08
4.9187e-08
4.05888e-08
3.89385e-08
7.49629e-08
2.83968e-08
6.4618e-08
4.22623e-08
1.19105e-07
8.06098e-08
2.60453e-08
7.86983e-08
7.86594e-09
4.72272e-08
7.86443e-08
5.54614e-08
5.10284e-08
4.15015e-08
1.1981e-07
1.19255e-07
1.20074e-07
1.19537e-07
1.16761e-07
6.13177e-08
1.20327e-07
1.18966e-07
1.16424e-07
1.2057e-07
1.17093e-07
1.16081e-07
1.208e-07
1.18669e-07
4.17772e-08
1.15732e-07
1.17419e-07
1.18365e-07
1.21018e-07
1.1774e-07
1.18056e-07
1.15377e-07
1.15015e-07
1.21221e-07
1.21409e-07
1.14646e-07
1.21582e-07
8.29475e-08
1.14269e-07
1.21737e-07
7.45813e-08
1.13884e-07
1.13489e-07
1.13085e-07
1.21873e-07
1.1267e-07
1.12245e-07
1.11808e-07
1.11361e-07
1.2199e-07
1.10903e-07
1.22084e-07
1.10433e-07
1.22156e-07
5.53716e-08
1.09954e-07
1.22203e-07
1.09465e-07
1.22222e-07
1.22213e-07
1.08969e-07
1.22172e-07
1.08465e-07
1.22098e-07
1.21989e-07
1.07958e-07
1.21842e-07
1.21657e-07
1.21432e-07
1.07451e-07
1.21167e-07
1.20864e-07
1.20524e-07
8.13682e-08
1.2015e-07
1.19745e-07
1.06948e-07
1.19313e-07
7.61276e-08
6.9726e-08
1.18861e-07
1.0646e-07
1.18392e-07
4.74276e-08
1.1791e-07
1.16425e-07
1.15926e-07
9.1734e-08
1.1742e-07
1.16923e-07
1.15427e-07
1.06e-07
2.64513e-08
1.14923e-07
6.17097e-08
1.14403e-07
1.05585e-07
1.13849e-07
8.98478e-08
1.13241e-07
1.05211e-07
3.72885e-08
1.12559e-07
1.11781e-07
1.10875e-07
1.04761e-07
1.09794e-07
9.44043e-08
9.85774e-08
9.65466e-08
1.03654e-07
1.06011e-07
1.08499e-07
9.45115e-08
3.4688e-08
1.00587e-07
1.07106e-07
1.0255e-07
9.96836e-08
1.05748e-07
1.04295e-07
1.15954e-07
9.31737e-08
1.12816e-07
7.93421e-08
9.2319e-08
7.17186e-08
3.59488e-08
3.50695e-08
8.92037e-08
8.63115e-08
8.50754e-08
8.54301e-08
6.56209e-08
9.67392e-08
9.21737e-08
8.68041e-08
2.10214e-08
8.24115e-08
2.38315e-09
7.92892e-08
1.28114e-07
1.64417e-09
4.18094e-08
8.72489e-08
7.1915e-08
4.63779e-08
4.3668e-08
1.07143e-07
5.86625e-08
7.57036e-08
9.46977e-08
5.41067e-08
5.99698e-08
7.29299e-08
9.99358e-08
8.69322e-08
9.86474e-08
5.15187e-08
7.24523e-08
6.85276e-08
2.70981e-08
8.25527e-08
8.05781e-08
1.09297e-07
6.9673e-08
9.54691e-08
4.48331e-08
6.89873e-08
9.95366e-08
6.70246e-08
8.12922e-08
4.48006e-08
4.69117e-08
4.48865e-08
4.36611e-08
1.00004e-07
4.06623e-08
9.08159e-08
1.04737e-07
9.50609e-08
1.13907e-07
2.74037e-08
6.10192e-08
1.22563e-07
3.70006e-08
5.82625e-08
8.89323e-08
1.16158e-07
1.15892e-07
1.15618e-07
1.16416e-07
1.15337e-07
1.13534e-07
5.10718e-08
1.1505e-07
1.13847e-07
5.12104e-08
1.14757e-07
1.14459e-07
1.14155e-07
1.16665e-07
1.13217e-07
1.16903e-07
1.12895e-07
1.35495e-07
1.17129e-07
1.17344e-07
1.12567e-07
1.11197e-07
1.12234e-07
1.1155e-07
1.11895e-07
1.17546e-07
7.15472e-08
1.10835e-07
1.17733e-07
1.17905e-07
1.10465e-07
1.18061e-07
1.10085e-07
1.18199e-07
1.09694e-07
7.32104e-08
1.09291e-07
1.08877e-07
1.18319e-07
1.0845e-07
1.18418e-07
1.0801e-07
1.18496e-07
1.18549e-07
6.14117e-08
1.07559e-07
5.66917e-08
1.18577e-07
1.07094e-07
5.71936e-08
1.18577e-07
1.06619e-07
1.18546e-07
1.06133e-07
1.05637e-07
6.73579e-08
1.18481e-07
1.05136e-07
1.18381e-07
1.18242e-07
1.04631e-07
1.18061e-07
1.17836e-07
1.17254e-07
1.17567e-07
1.16898e-07
1.16502e-07
1.0413e-07
1.16069e-07
1.15605e-07
1.15116e-07
1.03647e-07
1.1461e-07
9.77106e-08
6.4492e-08
1.14093e-07
1.03206e-07
1.13569e-07
8.65141e-08
1.1304e-07
1.0002e-07
5.47072e-08
1.11991e-07
1.12512e-07
1.02857e-07
7.80559e-08
1.11485e-07
1.10993e-07
1.10503e-07
1.02691e-07
1.09989e-07
1.09409e-07
1.02846e-07
1.06694e-07
1.08714e-07
1.07839e-07
1.03411e-07
1.05094e-07
1.02509e-07
1.67761e-07
6.67427e-08
8.29939e-08
1.02647e-07
1.17529e-07
7.45892e-08
9.33929e-08
1.03807e-07
9.28591e-08
8.92673e-08
9.08977e-08
9.52206e-08
9.90808e-08
7.19532e-08
9.88989e-08
1.23486e-07
8.93056e-08
9.97085e-08
9.81967e-08
8.7e-08
4.15976e-08
6.12192e-08
6.04882e-08
1.0177e-07
7.16022e-09
7.3082e-08
4.15053e-08
3.48193e-08
3.40955e-08
3.42784e-08
2.50114e-08
8.9147e-08
2.83923e-08
3.62079e-08
8.87282e-08
7.8537e-08
6.98522e-08
6.38368e-08
8.33302e-08
1.08127e-07
8.7498e-08
5.07883e-08
1.23969e-07
7.60899e-08
8.9257e-08
8.06195e-08
7.78277e-08
1.18362e-07
9.91329e-08
8.16952e-08
6.38325e-08
6.66978e-08
8.84885e-08
5.37518e-08
9.95743e-08
1.01863e-07
5.08943e-08
8.40082e-08
1.05613e-07
7.79113e-08
3.79309e-08
3.98487e-08
6.89126e-08
3.30668e-08
1.68457e-08
7.7353e-09
2.32913e-09
3.57065e-08
4.65249e-09
4.13677e-08
1.22274e-08
1.12887e-07
1.12632e-07
1.13133e-07
1.1237e-07
1.13369e-07
1.12101e-07
1.13595e-07
1.29217e-07
1.10383e-07
1.1381e-07
1.11826e-07
1.10083e-07
1.1068e-07
1.11547e-07
1.11262e-07
1.14012e-07
1.10973e-07
5.46728e-08
1.14201e-07
1.1695e-07
1.09778e-07
1.14376e-07
1.08184e-07
1.0947e-07
1.14535e-07
1.09348e-07
1.08514e-07
1.09157e-07
1.07845e-07
1.08838e-07
1.14678e-07
9.9381e-08
1.07498e-07
1.07141e-07
1.06773e-07
1.14804e-07
1.06393e-07
1.06e-07
1.05593e-07
1.14911e-07
1.05172e-07
1.04737e-07
1.14998e-07
6.9453e-08
1.04287e-07
1.15062e-07
5.79849e-08
1.03823e-07
1.15102e-07
1.15115e-07
1.03345e-07
1.151e-07
1.02856e-07
1.15052e-07
1.02356e-07
1.14968e-07
1.0185e-07
1.14845e-07
1.14677e-07
8.64795e-08
1.14461e-07
1.01345e-07
1.14195e-07
1.13092e-07
1.13877e-07
1.13509e-07
1.12628e-07
1.10574e-07
8.12813e-08
1.00857e-07
1.12123e-07
1.11584e-07
1.00423e-07
8.09542e-08
1.11022e-07
9.82286e-08
1.10452e-07
1.08142e-07
1.09879e-07
1.08721e-07
1.09302e-07
1.00129e-07
1.07584e-07
1.00411e-07
5.56243e-08
1.07061e-07
8.46684e-08
1.18624e-08
1.06566e-07
1.06066e-07
1.00188e-07
1.11287e-07
1.05487e-07
8.54255e-08
9.63207e-08
1.04743e-07
1.01143e-07
1.14076e-07
1.05792e-07
1.03763e-07
6.87024e-08
9.48037e-08
1.02184e-07
1.04473e-07
9.97779e-08
9.50122e-09
1.28337e-07
9.51377e-08
6.14114e-08
1.14405e-07
8.31854e-08
4.03878e-08
8.76774e-08
9.26443e-08
8.55008e-08
3.97364e-08
4.56868e-08
9.8211e-08
6.50743e-08
1.3248e-07
9.3913e-08
9.1832e-08
1.30551e-07
1.05026e-07
1.4838e-07
7.4538e-08
1.06477e-07
1.97738e-08
1.25778e-07
1.79926e-08
3.39581e-08
7.1201e-08
8.60744e-08
1.14681e-07
8.62773e-08
6.92411e-08
1.2582e-07
7.75243e-08
6.4071e-08
1.02803e-07
7.62381e-08
7.76575e-08
1.01309e-07
9.47273e-08
7.00758e-08
8.95523e-08
9.03876e-08
6.61749e-08
9.10597e-08
5.11568e-08
4.71041e-08
1.22573e-07
4.30502e-08
6.77307e-08
8.29606e-08
5.60471e-08
1.51737e-07
8.98373e-08
2.31223e-08
2.98755e-08
1.07947e-07
5.38339e-08
5.09035e-08
5.11298e-08
6.32958e-08
1.08331e-07
1.09456e-07
1.09202e-07
1.09702e-07
1.08942e-07
1.0994e-07
1.06715e-07
1.07004e-07
1.10167e-07
1.08677e-07
1.06423e-07
1.10384e-07
1.0729e-07
1.06128e-07
1.10589e-07
1.08407e-07
3.42211e-08
1.07574e-07
4.99908e-08
1.08132e-07
1.05829e-07
1.07855e-07
1.10782e-07
1.05525e-07
1.05216e-07
5.85029e-08
1.10961e-07
1.049e-07
1.11126e-07
1.11276e-07
6.45488e-08
1.04576e-07
1.1141e-07
1.04243e-07
1.03899e-07
1.11527e-07
1.03542e-07
1.02786e-07
1.03171e-07
1.02384e-07
1.11625e-07
1.01965e-07
1.11703e-07
8.34029e-08
1.20229e-07
1.11758e-07
8.36937e-08
1.01529e-07
1.11789e-07
1.01077e-07
1.11793e-07
1.00607e-07
1.00121e-07
9.96195e-08
1.11767e-07
2.42329e-08
9.91048e-08
5.75264e-08
1.11708e-07
1.1161e-07
7.37891e-08
9.85807e-08
1.11466e-07
1.1127e-07
1.107e-07
1.11016e-07
1.10325e-07
8.1875e-08
6.80768e-08
1.0989e-07
9.80576e-08
1.09398e-07
1.08845e-07
6.02892e-08
7.20467e-08
1.08234e-07
9.75626e-08
8.06266e-08
5.46043e-08
1.07575e-07
8.91478e-08
8.34437e-08
1.06896e-07
9.71622e-08
8.36033e-08
1.04894e-07
1.04207e-07
1.0352e-07
1.06224e-07
1.05563e-07
1.02864e-07
1.02237e-07
6.70417e-08
9.69933e-08
1.01592e-07
6.04479e-08
5.22896e-08
1.00782e-07
9.72887e-08
8.76952e-08
9.96061e-08
9.84115e-08
5.09185e-08
9.78352e-08
9.81666e-08
9.66904e-08
9.18333e-08
9.45154e-08
1.53915e-08
5.8353e-08
9.75274e-08
6.65011e-10
2.16178e-08
8.67033e-08
4.93537e-08
1.00668e-07
9.12038e-08
1.84185e-07
9.39305e-08
1.10296e-07
1.10518e-07
1.38265e-07
8.1916e-08
8.41035e-08
1.29661e-07
7.56747e-08
8.12084e-08
4.64548e-08
5.49314e-08
8.14799e-08
1.14377e-07
1.04372e-07
5.64771e-08
5.11841e-08
7.88929e-08
8.14489e-08
4.40702e-08
6.67691e-08
1.85683e-07
9.04626e-08
5.53324e-08
4.02554e-08
9.16153e-08
6.34993e-08
8.8457e-09
1.75509e-08
7.87505e-08
3.97093e-08
6.18614e-08
1.22286e-07
4.38499e-08
2.6898e-08
5.62812e-08
1.06102e-07
1.05848e-07
1.06351e-07
1.05588e-07
1.06591e-07
1.03969e-07
1.05324e-07
1.03693e-07
1.05057e-07
1.04788e-07
1.04243e-07
1.04516e-07
6.80072e-08
1.06823e-07
1.03415e-07
1.07045e-07
1.03136e-07
1.07255e-07
1.01989e-07
1.07453e-07
1.02855e-07
1.02282e-07
5.39143e-08
1.0257e-07
1.01689e-07
1.07638e-07
1.0138e-07
1.0811e-07
1.07809e-07
1.07967e-07
1.01061e-07
1.0073e-07
1.08238e-07
1.00384e-07
6.19156e-08
1.00021e-07
9.96402e-08
1.0835e-07
9.92401e-08
9.92499e-08
9.882e-08
1.08443e-07
1.05795e-07
9.83794e-08
7.16587e-08
1.08516e-07
6.47179e-08
9.7918e-08
1.08566e-07
9.7435e-08
1.08591e-07
9.69297e-08
4.38085e-08
1.08589e-07
9.63994e-08
1.08557e-07
5.01287e-08
1.08491e-07
9.58394e-08
1.08382e-07
1.08218e-07
8.65973e-08
1.6552e-08
1.07987e-07
1.07681e-07
1.07301e-07
9.52418e-08
1.06854e-07
5.9064e-08
1.0634e-07
6.23447e-08
1.05747e-07
1.05053e-07
9.46016e-08
1.04243e-07
1.03323e-07
1.02312e-07
6.93304e-08
8.22429e-08
9.39561e-08
1.01307e-07
9.78105e-08
1.00381e-07
9.86492e-08
9.94996e-08
9.69117e-08
9.56106e-08
9.35576e-08
9.41199e-08
3.43482e-08
8.23634e-08
9.39975e-08
9.05527e-08
8.63571e-08
8.27788e-08
1.37332e-08
9.59498e-08
1.22585e-07
1.73187e-08
5.12632e-08
4.73077e-08
8.95725e-08
4.03668e-08
1.01697e-07
2.10394e-08
7.98878e-08
6.52631e-08
4.12514e-08
1.31666e-07
3.65002e-08
9.40711e-08
4.29148e-08
8.67619e-08
5.98398e-08
1.04037e-07
1.38276e-07
3.26795e-08
1.70771e-07
1.17786e-07
6.26775e-08
3.64704e-08
5.11215e-08
8.2059e-08
6.07657e-08
9.35606e-08
5.67002e-08
7.67224e-08
9.63488e-08
7.69383e-08
4.58593e-08
9.5119e-08
1.60292e-07
6.7298e-08
9.64093e-08
1.19235e-08
4.24617e-08
5.56868e-09
3.48362e-08
3.81797e-09
6.01771e-08
1.03061e-07
1.02808e-07
1.03308e-07
1.02551e-07
1.03546e-07
1.00967e-07
1.03775e-07
1.00701e-07
8.96671e-08
1.0229e-07
1.03993e-07
1.01232e-07
1.04198e-07
1.02027e-07
1.01497e-07
1.01762e-07
1.00436e-07
1.04389e-07
1.1519e-07
1.04567e-07
1.00171e-07
9.91003e-08
1.04732e-07
9.8825e-08
1.04884e-07
9.99055e-08
9.93711e-08
9.96391e-08
1.05023e-07
9.85431e-08
9.8252e-08
9.79488e-08
9.76307e-08
1.05148e-07
9.72947e-08
9.69383e-08
9.65596e-08
1.05259e-07
9.61573e-08
9.68745e-08
9.57307e-08
1.05351e-07
9.52789e-08
1.0542e-07
9.48005e-08
1.05463e-07
1.05478e-07
1.05465e-07
9.42924e-08
9.37474e-08
8.02782e-08
1.05422e-07
9.31476e-08
1.0534e-07
7.06011e-08
9.24493e-08
1.05203e-07
1.04989e-07
1.04685e-07
1.04296e-07
5.44886e-08
1.03839e-07
1.03316e-07
1.31422e-07
1.027e-07
9.15422e-08
1.01922e-07
5.6321e-08
1.00911e-07
1.82721e-07
9.97813e-08
1.08477e-07
9.84874e-08
6.3997e-08
9.50727e-08
8.8917e-08
2.73267e-08
9.21202e-08
9.01521e-08
6.30135e-08
7.71208e-08
9.01765e-08
8.9115e-08
2.0691e-09
1.14073e-07
8.861e-08
8.39157e-11
8.92745e-08
8.93551e-08
7.91847e-08
8.75524e-08
4.24148e-08
8.57635e-08
4.8504e-08
7.75992e-08
7.42132e-08
1.40186e-07
1.11612e-07
2.72189e-08
8.28055e-08
6.41844e-08
6.33224e-08
9.10702e-08
7.33882e-08
7.1895e-08
4.49402e-08
1.03178e-07
8.65016e-08
6.14739e-08
5.50271e-08
7.98984e-08
8.8788e-08
7.92963e-08
5.97642e-08
5.01111e-08
8.88312e-08
5.25288e-08
8.91921e-08
8.00461e-08
7.70344e-08
7.32862e-08
8.71651e-08
3.21252e-08
2.54852e-08
3.70841e-08
8.63511e-08
1.55732e-08
4.99962e-08
1.34234e-07
3.72801e-08
9.39968e-09
2.08217e-08
9.3756e-08
6.4805e-08
4.49087e-08
9.98182e-08
1.00073e-07
9.95586e-08
9.92965e-08
1.00322e-07
9.90335e-08
9.87708e-08
5.82034e-08
9.8509e-08
9.82487e-08
9.799e-08
9.77329e-08
6.12958e-08
9.74775e-08
1.00562e-07
5.34382e-08
9.72238e-08
1.0079e-07
1.01005e-07
4.94518e-08
9.69719e-08
1.01205e-07
9.67216e-08
9.59736e-08
9.572e-08
1.01862e-07
9.64725e-08
9.62237e-08
1.0139e-07
9.54599e-08
1.01716e-07
1.0156e-07
8.80376e-08
9.51894e-08
9.49045e-08
1.01999e-07
9.46005e-08
1.02126e-07
9.42733e-08
1.02238e-07
9.39193e-08
9.31242e-08
9.26815e-08
9.35366e-08
1.02327e-07
5.10765e-08
9.22072e-08
7.14543e-08
1.02383e-07
9.16986e-08
5.53165e-08
6.73307e-08
1.02399e-07
9.11494e-08
1.02374e-07
1.02306e-07
2.73635e-08
9.05448e-08
1.02181e-07
8.92891e-08
1.01964e-07
1.63771e-08
8.98461e-08
7.44976e-08
1.01605e-07
1.01088e-07
1.30547e-07
8.89517e-08
1.00567e-07
1.00203e-07
9.23994e-08
9.98524e-08
9.92701e-08
7.71559e-08
9.84145e-08
8.76038e-08
5.98795e-08
9.67622e-08
3.70984e-08
9.48977e-08
9.30281e-08
6.29029e-08
8.56274e-08
8.28106e-08
8.54764e-08
8.98612e-08
1.09103e-07
9.4398e-08
6.36532e-08
1.31991e-07
1.18683e-07
5.76833e-08
7.0566e-08
6.28815e-08
9.56933e-08
7.87193e-08
6.12303e-08
1.26744e-07
4.69349e-08
7.32468e-08
7.45766e-08
8.84885e-08
5.98942e-08
9.90757e-08
5.90348e-08
8.79186e-08
6.40353e-08
9.45716e-08
1.07588e-07
8.87347e-08
4.0074e-08
1.57987e-07
5.94218e-08
4.15969e-08
7.10981e-08
4.48526e-08
1.00788e-07
4.04824e-08
2.19875e-08
5.97652e-09
9.71378e-08
9.6875e-08
9.66082e-08
9.73933e-08
9.634e-08
8.07962e-08
9.7638e-08
9.45329e-08
9.78683e-08
9.60725e-08
9.80808e-08
9.4781e-08
9.58073e-08
9.55453e-08
9.5287e-08
9.50323e-08
9.82734e-08
5.43022e-08
9.4288e-08
5.891e-08
9.8395e-08
9.8446e-08
9.31218e-08
9.33473e-08
9.8601e-08
9.40465e-08
9.3576e-08
9.87432e-08
9.28974e-08
9.38091e-08
9.88787e-08
9.26707e-08
9.24374e-08
9.63996e-08
9.21916e-08
9.90109e-08
9.19266e-08
6.7781e-08
9.16346e-08
9.13085e-08
9.09437e-08
9.91362e-08
9.0538e-08
9.00908e-08
9.92398e-08
4.50477e-08
8.96009e-08
9.92984e-08
8.90657e-08
8.05811e-08
3.72835e-08
9.92914e-08
9.90361e-08
8.84839e-08
9.92088e-08
8.78617e-08
9.87193e-08
8.72037e-08
7.36e-08
9.81255e-08
8.64773e-08
3.50431e-08
9.15611e-08
1.86966e-08
9.69756e-08
2.84465e-08
9.48238e-08
9.13787e-08
9.42571e-08
1.14872e-07
8.53589e-08
8.5524e-08
7.61475e-08
9.49912e-08
7.46304e-08
7.56201e-08
9.26888e-08
6.59617e-08
3.09196e-08
6.3874e-08
9.39907e-08
6.6341e-08
3.93334e-08
1.5436e-09
9.35695e-08
1.33235e-07
6.06644e-08
1.04918e-07
6.98955e-08
9.54485e-08
7.77375e-08
5.2882e-08
9.18164e-08
6.58469e-08
7.72436e-08
8.08815e-08
1.25746e-07
5.78382e-08
8.77533e-08
4.44956e-08
2.9484e-08
8.71978e-08
7.12129e-08
3.97617e-08
1.50602e-07
4.26828e-08
1.1873e-07
8.08708e-08
6.33842e-08
9.39787e-08
9.36978e-08
9.42558e-08
9.34169e-08
5.17026e-08
9.45245e-08
9.3139e-08
9.13584e-08
9.11236e-08
9.15974e-08
9.4779e-08
6.04047e-08
9.08941e-08
9.50131e-08
9.28662e-08
8.98632e-08
9.18403e-08
9.06718e-08
9.52209e-08
9.25999e-08
9.23405e-08
9.20876e-08
9.00565e-08
9.04582e-08
5.77817e-08
9.53985e-08
9.57783e-08
9.02537e-08
6.29816e-08
9.55462e-08
9.56695e-08
8.96683e-08
9.58824e-08
7.71278e-08
9.39798e-08
8.94646e-08
8.83312e-08
8.92425e-08
9.59801e-08
8.86901e-08
8.89893e-08
8.17746e-08
8.79033e-08
9.60434e-08
8.74015e-08
1.38469e-07
8.68196e-08
8.61379e-08
8.53214e-08
9.60161e-08
8.43832e-08
9.53747e-08
9.58554e-08
6.78016e-08
9.56252e-08
9.48731e-08
8.35336e-08
9.3692e-08
9.13079e-08
8.92426e-08
8.63893e-08
8.30004e-08
8.56172e-08
8.30048e-08
7.01382e-08
1.38288e-07
5.82745e-08
2.21647e-08
9.98916e-08
9.58382e-08
7.8934e-08
7.0223e-08
7.12901e-08
5.36146e-08
1.9162e-07
7.6562e-08
8.34636e-08
6.35579e-08
1.114e-07
7.78881e-08
1.15364e-07
1.33795e-07
4.45212e-08
7.62429e-08
6.03398e-08
1.19128e-07
3.24721e-08
9.35413e-08
4.45656e-08
1.03596e-07
5.36638e-08
7.45654e-08
8.86969e-08
6.74192e-08
6.89394e-08
9.50154e-08
6.43344e-08
3.84443e-08
8.0383e-08
9.78237e-09
8.62184e-08
2.13859e-08
6.39211e-08
1.21553e-07
5.38234e-09
1.48683e-07
9.50124e-08
6.49347e-08
1.24975e-07
9.11314e-08
9.08275e-08
9.05258e-08
9.14324e-08
9.02302e-08
9.17236e-08
8.92657e-08
8.84316e-08
9.1995e-08
8.99434e-08
8.81998e-08
8.8666e-08
8.79718e-08
9.2235e-08
9.23762e-08
8.96672e-08
8.70034e-08
8.77513e-08
8.89041e-08
9.27401e-08
8.71709e-08
8.94025e-08
8.75426e-08
9.24318e-08
8.91487e-08
8.73492e-08
8.68392e-08
9.26772e-08
9.25786e-08
9.2784e-08
8.66672e-08
8.64711e-08
9.28054e-08
9.3358e-08
8.66461e-08
8.62286e-08
8.5918e-08
8.55173e-08
8.49898e-08
9.27139e-08
8.4289e-08
1.06162e-07
4.74907e-08
8.33843e-08
9.70021e-08
9.2227e-08
8.22719e-08
9.09807e-08
1.20557e-07
6.72665e-08
8.86378e-08
8.07295e-08
8.89874e-08
7.81129e-08
1.15853e-07
9.03504e-08
8.88529e-08
9.55519e-08
7.41583e-08
8.92642e-08
1.18327e-07
6.02539e-08
7.28367e-08
8.42148e-08
9.4428e-08
7.2813e-08
8.1482e-08
1.1234e-07
8.40329e-08
1.06796e-07
1.23338e-07
1.0738e-07
7.7042e-08
5.02309e-08
9.08762e-08
7.90071e-08
7.89038e-08
4.76602e-08
6.0222e-08
1.11939e-07
8.74102e-08
9.63848e-08
8.48687e-08
3.89718e-08
7.99196e-08
1.17734e-07
3.07227e-08
2.04852e-08
5.14873e-08
2.16343e-08
1.27624e-08
5.4809e-08
8.79961e-08
8.76655e-08
8.83336e-08
8.73462e-08
8.86711e-08
8.70406e-08
8.89972e-08
8.54972e-08
8.52681e-08
8.97521e-08
8.9293e-08
8.67496e-08
8.38625e-08
8.95347e-08
8.57258e-08
8.64723e-08
1.14084e-07
8.62089e-08
6.65971e-08
8.59608e-08
6.48062e-08
1.00218e-07
8.97021e-08
8.40282e-08
8.50365e-08
8.41991e-08
8.4384e-08
8.9871e-08
8.97931e-08
8.98308e-08
8.99987e-08
8.36884e-08
8.48069e-08
8.45872e-08
9.6837e-08
9.78859e-08
8.34687e-08
9.02213e-08
8.31026e-08
9.63197e-08
8.24534e-08
2.19124e-08
8.16626e-08
6.61623e-08
8.08777e-08
1.09209e-07
7.97519e-08
8.98826e-08
7.3126e-08
7.77761e-08
7.48066e-08
6.95712e-08
8.54375e-08
9.35741e-08
5.37705e-08
7.27873e-08
6.91092e-08
7.40492e-08
5.72156e-08
7.97603e-08
1.35593e-07
5.92574e-09
6.48981e-08
5.87769e-08
4.52116e-08
2.95551e-08
1.54719e-07
9.82712e-08
1.26951e-07
5.64225e-08
4.02075e-11
8.70387e-08
1.53698e-07
8.22494e-08
2.71826e-08
8.24944e-08
7.75265e-08
6.3615e-08
6.67148e-08
5.56581e-08
7.55897e-08
5.74537e-08
9.98695e-08
3.12226e-08
4.4317e-08
5.28169e-08
4.12636e-08
8.51864e-08
8.48214e-08
8.44826e-08
8.41755e-08
8.5568e-08
8.22756e-08
8.38946e-08
8.24979e-08
8.20416e-08
8.59521e-08
8.27247e-08
8.17998e-08
1.57234e-07
8.63125e-08
8.04716e-08
8.1572e-08
8.36153e-08
8.66026e-08
8.29932e-08
1.39049e-07
8.13567e-08
8.08195e-08
8.68643e-08
8.33077e-08
8.67605e-08
9.69472e-08
8.01353e-08
8.11143e-08
8.67913e-08
8.73489e-08
8.67857e-08
1.04565e-07
7.98943e-08
9.64892e-08
1.01604e-07
8.92706e-08
1.00586e-07
1.11414e-07
7.96235e-08
9.54536e-08
7.03015e-08
7.80964e-08
6.76008e-08
3.3558e-08
3.83178e-08
7.00073e-08
7.25351e-08
1.18925e-07
5.73654e-08
1.11994e-07
2.96613e-08
5.50293e-08
8.82181e-08
7.74897e-08
6.37609e-08
1.42275e-07
1.54182e-07
1.57808e-07
1.60882e-07
7.62768e-08
9.44791e-08
6.70323e-08
4.8827e-08
7.05348e-08
7.66713e-08
6.90034e-08
7.62064e-08
1.00056e-07
6.69063e-08
1.03663e-07
6.35041e-08
6.14269e-08
1.08333e-07
5.26817e-08
8.07488e-08
5.24555e-08
4.79e-09
7.11333e-08
8.19036e-08
8.15418e-08
8.23337e-08
8.13107e-08
7.89326e-08
8.12419e-08
8.27781e-08
7.91411e-08
7.86788e-08
8.12632e-08
6.73488e-08
8.10595e-08
8.01514e-08
7.93467e-08
7.54684e-08
1.04493e-07
7.83298e-08
7.83427e-08
7.84076e-08
8.31714e-08
7.75937e-08
7.61939e-08
3.25532e-08
7.81781e-08
8.17574e-08
9.60697e-08
8.34371e-08
7.4018e-08
8.33854e-08
8.16938e-08
1.15613e-07
8.17951e-08
8.24808e-08
7.27324e-08
1.11648e-07
8.1578e-08
4.48074e-08
7.35261e-08
8.33217e-08
8.07443e-08
1.32275e-07
1.21594e-07
9.46736e-08
2.56723e-08
8.41762e-08
1.01736e-07
6.92485e-08
5.88063e-08
8.05835e-08
8.43186e-08
5.77605e-08
2.892e-08
8.08808e-08
1.03346e-07
7.63431e-08
9.08166e-08
9.27485e-08
9.9354e-08
6.93503e-08
1.71666e-08
4.56117e-08
7.26897e-08
6.01415e-08
1.05155e-07
7.31046e-08
8.73198e-08
8.24513e-08
3.14591e-08
7.86181e-08
7.79249e-08
7.75996e-08
7.83413e-08
7.94603e-08
8.02147e-08
7.42217e-08
7.41706e-08
8.01011e-08
7.34829e-08
8.05033e-08
7.09222e-08
7.24725e-08
8.33459e-08
6.50836e-08
7.29244e-08
8.5015e-08
8.7548e-08
8.42828e-08
7.05208e-08
8.08069e-08
6.06983e-08
7.39459e-08
7.83427e-08
6.00233e-08
7.99777e-08
6.92447e-08
7.11172e-08
7.87582e-08
9.30424e-08
7.31972e-08
5.44424e-08
6.61605e-08
7.96704e-08
1.48227e-07
8.57489e-08
3.99596e-08
1.1903e-07
1.40635e-07
4.48391e-08
8.27284e-08
1.29814e-07
1.10979e-07
9.48448e-08
1.01749e-07
9.43732e-08
1.96893e-07
1.49491e-07
4.27794e-08
8.61986e-08
3.18729e-08
7.15867e-08
6.92088e-08
7.44528e-08
6.62665e-08
6.32392e-08
7.96194e-08
7.87341e-08
1.44199e-07
6.8077e-08
5.35837e-08
1.62383e-07
5.98404e-08
8.5481e-08
8.38558e-08
1.00385e-07
7.69013e-08
9.05225e-08
6.41656e-08
1.19821e-07
7.23715e-08
8.12851e-08
8.18089e-08
1.85916e-08
4.45543e-08
4.7444e-08
6.97408e-08
1.12291e-07
5.29152e-08
9.17636e-08
4.32378e-08
5.91635e-08
4.86623e-08
7.46548e-08
9.79165e-08
7.33776e-08
6.38672e-08
5.9644e-08
9.5165e-08
7.98786e-08
6.30718e-08
9.89655e-08
8.67282e-08
1.06088e-08
2.90029e-08
1.50241e-08
8.52341e-08
7.87829e-08
8.08624e-08
9.93084e-08
1.02296e-07
1.09071e-07
1.04315e-07
1.29832e-07
7.88586e-08
3.0076e-08
7.97223e-08
4.51093e-08
4.57972e-07
3.19284e-05
5.712e-05
3.68981e-05
4.09719e-05
4.33666e-05
3.50209e-05
2.93237e-05
2.38947e-05
3.04289e-05
2.69198e-05
2.15734e-05
2.35271e-05
2.36687e-05
2.04586e-05
1.82296e-05
1.3436e-05
1.3478e-05
4.8007e-06
7.85842e-06
2.65778e-07
2.47125e-06
9.29922e-07
8.63125e-07
8.42497e-07
1.48268e-06
1.96209e-06
3.06053e-06
4.19279e-06
5.43549e-06
4.31461e-06
6.33996e-06
6.24738e-06
8.82014e-06
9.8908e-06
9.29448e-06
7.45668e-06
6.14549e-06
4.96795e-06
4.16666e-06
3.66634e-06
2.92247e-06
2.46753e-06
1.66882e-06
6.06241e-07
4.11891e-05
7.13965e-06
3.76789e-06
2.69651e-06
2.21584e-06
1.43574e-06
4.61851e-07
5.23744e-05
4.34209e-05
2.9323e-05
3.83903e-05
3.48433e-05
2.93308e-05
1.9033e-05
3.0772e-05
2.56518e-05
1.9038e-05
2.11375e-05
2.30492e-05
1.99734e-05
1.64055e-05
1.31479e-05
1.24197e-05
9.15535e-06
3.92142e-06
1.02262e-06
3.28837e-07
1.50014e-06
1.58216e-06
2.17895e-06
2.42712e-06
3.76219e-06
4.88522e-06
5.05169e-06
6.14909e-06
7.18333e-06
7.79651e-06
8.88354e-06
9.42819e-06
8.26874e-06
6.81963e-06
5.96023e-06
4.65526e-06
3.3193e-06
1.94327e-05
4.10646e-05
3.69145e-05
3.67939e-05
3.52303e-05
3.22447e-05
2.69811e-05
2.89243e-05
2.67201e-05
2.42515e-05
1.89327e-05
2.19149e-05
2.04854e-05
1.82345e-05
1.50789e-05
1.37265e-05
7.53054e-06
5.33827e-06
5.99528e-08
7.44997e-07
2.78039e-07
8.68012e-07
1.65768e-06
2.48014e-06
3.09267e-06
4.21499e-06
5.10722e-06
1.22376e-06
3.69398e-06
4.97096e-06
8.72094e-06
9.56963e-06
8.86134e-06
7.54659e-06
6.04048e-06
5.3599e-06
4.34418e-06
3.14543e-06
3.7912e-05
2.85073e-05
2.78619e-05
2.84001e-05
2.43173e-05
1.86866e-05
2.13337e-05
2.16191e-05
1.90565e-05
1.60657e-05
1.34694e-05
1.018e-05
1.2711e-06
6.94713e-07
1.50466e-07
1.85339e-06
2.98816e-06
4.05792e-06
4.69018e-06
6.23295e-06
7.47517e-06
6.48469e-06
3.76859e-07
3.56727e-05
2.52065e-06
1.85893e-05
3.61367e-05
2.59833e-06
3.19799e-07
1.83661e-05
2.28681e-07
1.7949e-05
8.06994e-08
1.64201e-05
1.05394e-07
1.45055e-05
3.16454e-07
1.2621e-05
5.45644e-07
1.09121e-05
7.88998e-07
9.41745e-06
1.04366e-06
8.14099e-06
1.30724e-06
7.07128e-06
1.5777e-06
6.18213e-06
1.85319e-06
5.43168e-06
2.13214e-06
4.76923e-06
2.41312e-06
4.14685e-06
2.6949e-06
3.52888e-06
2.97641e-06
2.89531e-06
3.2567e-06
2.2397e-06
3.53499e-06
1.5643e-06
3.81059e-06
8.75277e-07
4.08294e-06
1.79688e-07
4.35159e-06
5.15653e-07
4.61619e-06
1.20421e-06
4.87646e-06
1.8795e-06
5.13221e-06
2.53512e-06
5.38333e-06
3.16497e-06
5.62976e-06
3.76368e-06
5.87149e-06
4.32704e-06
6.10853e-06
4.85234e-06
6.34093e-06
5.33853e-06
6.56878e-06
5.78622e-06
6.79213e-06
6.19739e-06
7.01107e-06
6.57498e-06
7.22565e-06
6.92247e-06
7.43592e-06
7.2435e-06
7.64191e-06
7.54162e-06
7.84361e-06
7.82007e-06
8.04099e-06
8.08172e-06
8.23399e-06
8.32895e-06
8.4225e-06
8.56366e-06
8.60639e-06
8.78722e-06
8.78548e-06
9.00055e-06
8.95957e-06
9.20412e-06
9.12843e-06
9.39804e-06
9.29176e-06
9.58212e-06
9.44928e-06
9.75593e-06
9.60064e-06
9.91888e-06
9.74548e-06
1.00703e-05
9.88341e-06
1.02094e-05
1.0014e-05
1.03356e-05
1.01369e-05
1.04483e-05
1.02515e-05
1.05468e-05
1.03574e-05
1.06309e-05
1.04541e-05
1.07002e-05
1.0541e-05
1.07547e-05
1.06176e-05
1.07944e-05
1.06834e-05
1.08195e-05
1.07378e-05
1.08302e-05
1.07802e-05
1.08269e-05
1.08101e-05
6.25021e-07
5.92707e-07
2.97356e-08
3.19819e-06
5.77322e-06
6.07493e-08
7.42136e-07
6.94668e-06
3.85277e-06
5.64097e-06
2.6515e-06
4.29448e-06
2.28023e-06
2.48601e-06
2.54924e-06
2.574e-06
2.41914e-06
2.60864e-06
2.3488e-06
2.78247e-06
2.66397e-06
2.27511e-06
1.65211e-06
2.71496e-06
2.19817e-06
2.76133e-06
2.11803e-06
2.80273e-06
2.03472e-06
2.83882e-06
7.57533e-06
1.94822e-06
2.86921e-06
1.3176e-06
1.85848e-06
2.26898e-06
2.10901e-06
2.89351e-06
1.76545e-06
4.89905e-06
2.91128e-06
3.09854e-06
1.66903e-06
3.28785e-06
2.92207e-06
1.56911e-06
2.9254e-06
1.46561e-06
7.38795e-06
2.92078e-06
3.03862e-06
1.35839e-06
2.90769e-06
1.24737e-06
4.49836e-06
1.13247e-06
5.89802e-06
2.8856e-06
1.01365e-06
8.90905e-07
2.85396e-06
4.92546e-06
6.22764e-06
7.64283e-07
1.48623e-06
8.41035e-06
2.73816e-06
6.33901e-07
2.81223e-06
4.99948e-07
2.75986e-06
3.62697e-07
2.6963e-06
8.49393e-06
1.31267e-05
2.22517e-07
1.2158e-05
2.62106e-06
8.6952e-06
9.88839e-06
1.33576e-05
7.98753e-08
2.53367e-06
1.1225e-05
6.46468e-08
8.07865e-06
2.43372e-06
3.30597e-06
6.55015e-06
2.1035e-07
8.35544e-06
2.3209e-06
1.35582e-05
2.19499e-06
6.04375e-06
8.84017e-06
2.05589e-06
3.56408e-07
1.52137e-05
1.90364e-06
1.73845e-06
1.6031e-05
1.56065e-06
5.01854e-07
1.69717e-05
5.49425e-06
1.37073e-06
1.1693e-06
1.78932e-05
5.73804e-06
9.57078e-07
6.45577e-07
7.3482e-07
2.04038e-05
5.03297e-07
1.84753e-05
2.03911e-05
1.98296e-05
1.15691e-06
2.63218e-07
1.88601e-05
2.04139e-05
1.51703e-08
1.76498e-05
7.86302e-07
2.40457e-07
1.95191e-05
5.03542e-07
5.05883e-06
7.74305e-07
2.17098e-05
1.05338e-06
2.08294e-05
9.22573e-07
1.34187e-06
2.139e-05
1.64138e-06
1.99792e-05
1.95407e-06
2.28258e-06
1.05274e-06
2.63004e-06
2.1044e-05
2.99998e-06
2.61508e-05
7.03918e-06
3.39618e-06
2.33129e-05
1.17491e-06
3.82249e-06
2.54703e-05
4.28249e-06
4.12821e-06
2.59847e-05
4.77905e-06
5.31378e-06
2.66113e-05
6.09203e-06
5.88662e-06
6.49562e-06
1.28699e-06
7.13702e-06
7.80567e-06
2.78759e-05
8.49543e-06
9.19969e-06
9.91186e-06
2.3777e-05
2.82676e-05
1.06256e-05
2.70182e-05
1.38664e-06
7.83514e-06
2.9677e-05
1.13344e-05
2.77679e-05
3.84533e-06
1.20311e-05
6.85881e-06
3.14635e-05
1.27073e-05
1.3355e-05
1.39713e-05
1.47136e-06
3.42197e-05
3.30249e-05
1.45654e-05
1.51654e-05
3.2845e-05
3.04088e-05
3.07981e-05
1.58191e-05
1.65871e-05
3.5395e-05
1.53814e-06
1.7526e-05
3.63034e-05
3.13234e-06
1.86718e-05
2.004e-05
1.58097e-06
2.16382e-05
2.94472e-05
2.47481e-06
2.34775e-05
1.57871e-06
2.55657e-05
3.46661e-05
2.78216e-05
3.80106e-05
2.34866e-06
1.4521e-06
2.95488e-05
3.97027e-05
3.88524e-05
2.73817e-05
1.97968e-06
2.88548e-05
6.12668e-07
2.01553e-06
1.66908e-06
4.24516e-06
5.00118e-06
3.0244e-06
3.12476e-06
4.02616e-06
4.38574e-07
3.27722e-06
3.01635e-06
4.1112e-07
4.62768e-07
3.80583e-07
4.83494e-07
3.47101e-07
3.29343e-06
5.00505e-07
3.10775e-07
5.13526e-07
4.6403e-06
2.71667e-07
5.22248e-07
2.29805e-07
5.26338e-07
3.032e-06
1.85179e-07
7.32051e-06
5.25433e-07
1.37744e-07
2.82463e-06
5.19147e-07
8.74302e-08
5.07067e-07
3.41379e-08
3.34126e-06
4.88759e-07
2.22501e-08
4.63764e-07
8.18638e-08
4.316e-07
7.40411e-06
1.44838e-07
3.91764e-07
2.11303e-07
2.81374e-07
3.43732e-07
3.55143e-07
7.78548e-06
1.01663e-05
4.32661e-07
2.86963e-07
5.13936e-07
5.98914e-07
2.20901e-07
6.87471e-07
1.44987e-07
7.79406e-07
1.05182e-05
5.86611e-08
6.44545e-06
8.74423e-07
3.86196e-08
8.32494e-06
9.72132e-07
1.32493e-05
1.47369e-07
8.025e-06
1.19081e-05
1.1007e-05
1.07203e-06
2.6805e-07
1.17351e-06
1.37744e-05
4.0106e-07
8.40797e-06
5.46698e-07
1.27583e-06
6.10489e-06
7.05148e-07
8.76457e-07
1.59106e-05
1.06051e-06
1.37813e-06
1.45707e-05
1.25704e-06
1.63311e-05
1.46559e-06
5.63095e-06
1.68556e-06
1.47939e-06
1.91623e-06
2.15675e-06
1.83961e-05
2.40626e-06
5.1179e-06
1.57847e-06
2.66388e-06
2.07874e-05
1.87995e-05
2.92884e-06
1.98961e-05
3.20049e-06
3.47845e-06
2.09451e-05
2.02643e-05
3.76262e-06
1.67404e-06
2.05213e-05
4.05331e-06
2.04224e-05
4.35127e-06
2.04102e-05
4.65781e-06
2.2184e-05
4.9748e-06
1.76461e-06
5.30469e-06
5.65049e-06
6.01569e-06
1.84845e-06
6.40427e-06
6.82052e-06
2.25972e-05
7.2689e-06
2.61301e-05
7.75359e-06
1.92361e-06
8.2778e-06
8.84297e-06
2.5978e-05
9.44817e-06
1.00901e-05
1.07634e-05
1.14616e-05
2.63733e-05
1.98784e-06
1.21773e-05
2.70322e-05
1.29032e-05
1.36327e-05
2.64725e-05
2.96902e-05
1.43606e-05
1.50814e-05
2.98773e-05
1.57867e-05
2.03882e-06
1.64627e-05
1.70924e-05
1.76647e-05
1.81892e-05
3.22811e-05
3.24615e-05
2.07527e-06
1.87087e-05
3.35382e-05
1.93004e-05
2.006e-05
3.29857e-05
2.10554e-05
2.10088e-06
2.22936e-05
2.37605e-05
2.546e-05
2.13481e-06
2.7448e-05
2.42169e-06
2.99813e-05
3.39618e-05
2.22726e-06
3.41774e-05
3.64365e-05
3.26723e-07
2.08417e-06
9.15375e-06
3.95971e-06
1.66965e-05
7.39086e-06
3.45341e-06
5.80008e-07
2.92498e-05
4.78761e-05
4.44759e-06
4.42527e-06
1.32327e-06
5.30537e-06
2.70758e-05
4.73059e-06
2.44004e-05
2.17461e-06
1.37027e-05
2.66242e-06
3.56041e-06
3.40298e-05
7.95386e-07
7.47273e-06
6.63892e-06
2.18861e-05
5.88024e-06
2.37317e-06
1.90556e-05
2.76709e-06
7.22384e-06
2.78588e-05
2.45192e-07
3.34498e-05
3.56366e-05
7.05736e-06
1.42542e-06
5.74461e-06
2.97896e-05
2.04967e-05
3.94604e-06
3.24221e-05
2.71016e-05
4.87591e-05
4.30205e-05
4.45168e-06
4.00332e-06
4.01035e-06
3.44233e-06
4.64202e-06
3.27515e-06
3.55684e-06
7.97022e-07
8.00903e-07
8.14083e-07
8.07606e-07
7.96155e-07
8.16976e-07
7.9853e-07
8.04409e-07
8.28897e-07
8.43293e-07
8.27875e-07
8.60128e-07
8.79406e-07
8.46133e-07
9.01165e-07
3.49068e-06
8.6923e-07
9.25483e-07
8.97563e-07
9.52465e-07
9.31554e-07
9.82242e-07
9.71647e-07
1.01497e-06
1.01831e-06
1.05081e-06
1.07204e-06
1.08992e-06
7.46735e-06
1.13334e-06
1.13248e-06
1.17861e-06
1.20277e-06
1.22843e-06
1.28201e-06
1.33937e-06
1.40045e-06
1.28088e-06
1.36824e-06
1.46513e-06
1.05723e-05
1.46546e-06
1.53319e-06
1.57311e-06
1.10631e-05
1.60432e-06
1.69177e-06
7.91093e-06
1.15638e-05
1.6781e-06
1.82198e-06
7.94117e-06
1.38442e-05
1.75401e-06
1.96425e-06
1.8314e-06
2.11897e-06
2.28645e-06
2.46687e-06
1.9095e-06
1.4631e-05
2.66022e-06
2.86632e-06
1.62479e-05
1.54967e-05
3.08478e-06
1.98741e-06
3.31505e-06
3.55634e-06
3.80775e-06
2.06409e-06
5.12109e-06
4.06826e-06
1.79586e-05
4.3368e-06
4.61235e-06
4.89396e-06
2.13835e-06
5.18089e-06
2.17585e-05
1.96307e-05
5.47266e-06
5.76915e-06
1.99552e-05
6.07068e-06
2.0248e-05
2.20887e-06
2.48308e-05
6.37813e-06
6.69303e-06
7.01756e-06
2.27413e-06
7.35458e-06
7.70754e-06
2.33241e-06
8.08043e-06
2.44012e-05
8.47783e-06
8.90501e-06
2.38158e-06
9.36785e-06
4.01974e-06
9.8722e-06
1.04225e-05
2.46048e-05
1.10197e-05
1.16612e-05
2.41863e-06
1.2341e-05
1.45298e-05
2.53835e-05
1.30516e-05
1.37844e-05
1.52789e-05
7.60125e-06
2.58472e-05
2.66976e-05
1.60266e-05
1.67727e-05
2.43852e-06
2.94609e-05
1.75174e-05
1.82507e-05
1.89421e-05
1.95436e-05
2.26156e-06
2.43281e-06
2.00166e-05
2.03696e-05
3.39134e-05
2.06789e-05
3.36406e-05
2.1105e-05
8.50495e-06
6.16667e-06
2.18679e-05
2.43689e-05
2.30182e-05
2.39356e-06
3.03075e-05
2.59211e-05
8.38442e-06
4.55606e-06
2.75674e-05
2.882e-05
4.48653e-05
6.59612e-06
9.66803e-06
2.78845e-06
4.16833e-05
3.23969e-06
3.5516e-05
3.31252e-05
7.43318e-06
2.91057e-05
9.38925e-06
2.35639e-06
2.15027e-06
7.91305e-06
2.38121e-05
2.40667e-05
4.09876e-05
2.14008e-05
8.58679e-06
1.8753e-05
3.21525e-05
1.25351e-05
8.0819e-06
3.1078e-06
1.80491e-05
3.19057e-06
2.65198e-06
5.30031e-06
6.9071e-06
1.79322e-05
3.15898e-06
3.17237e-05
1.68328e-05
9.27707e-07
2.96908e-06
4.77493e-06
2.95369e-05
8.96815e-06
7.97872e-07
3.1623e-05
1.7055e-06
3.81097e-06
8.03906e-06
1.46982e-06
3.96147e-06
5.14003e-06
4.11478e-06
1.67214e-06
1.64496e-06
1.74065e-06
1.68479e-06
1.66209e-06
1.65446e-06
1.76618e-06
1.71878e-06
1.70026e-06
1.64597e-06
1.64912e-06
1.64609e-06
1.7957e-06
1.64939e-06
1.82958e-06
1.65494e-06
1.86821e-06
1.66284e-06
1.91199e-06
1.70231e-06
1.67325e-06
1.68634e-06
1.96135e-06
2.01676e-06
2.07868e-06
1.72136e-06
2.14762e-06
1.7437e-06
2.22413e-06
1.76954e-06
1.79904e-06
1.83236e-06
2.30876e-06
1.86959e-06
1.91075e-06
1.95581e-06
2.40211e-06
2.50479e-06
2.00464e-06
2.61743e-06
1.09072e-05
2.05701e-06
2.74069e-06
1.11986e-05
2.1126e-06
2.87519e-06
7.61598e-06
2.17097e-06
3.02155e-06
2.23157e-06
2.29373e-06
3.18031e-06
3.35195e-06
1.55849e-05
3.53679e-06
2.35664e-06
3.735e-06
3.94656e-06
1.52778e-05
4.17117e-06
6.42432e-06
1.65635e-05
4.40833e-06
4.65727e-06
2.41937e-06
4.91699e-06
5.18632e-06
5.46396e-06
5.74854e-06
2.48085e-06
6.27593e-06
6.03878e-06
6.33351e-06
6.63181e-06
2.53988e-06
6.933e-06
1.94373e-05
7.23683e-06
1.95121e-05
7.54355e-06
7.85417e-06
2.59516e-06
8.17052e-06
8.49528e-06
2.64531e-06
8.79152e-06
2.41769e-05
8.83185e-06
9.18414e-06
2.68901e-06
9.55649e-06
9.95407e-06
6.46181e-06
1.03838e-05
3.74798e-06
1.08548e-05
1.13777e-05
2.72501e-06
7.95531e-06
1.19599e-05
1.26001e-05
1.55541e-05
2.45903e-05
1.63336e-05
1.32893e-05
1.47764e-05
1.40175e-05
1.71009e-05
2.47342e-05
2.75129e-06
2.77962e-05
2.49957e-05
1.78577e-05
2.76001e-06
1.86249e-05
2.10317e-05
2.02569e-05
2.97061e-05
1.94277e-05
2.15941e-05
2.18413e-05
5.84633e-06
2.71493e-06
2.17968e-05
1.76582e-05
3.63996e-06
7.83217e-06
3.33996e-05
2.15578e-05
2.45298e-05
2.15374e-05
2.27472e-05
3.08325e-06
2.90289e-05
2.5443e-05
3.40779e-05
2.46121e-06
2.386e-05
2.68964e-05
2.79607e-05
9.39282e-06
7.8679e-06
2.95876e-05
4.7267e-06
2.93471e-06
1.19629e-05
2.98728e-05
3.51236e-06
2.44138e-06
9.49957e-06
3.20367e-05
3.19627e-06
1.89925e-05
7.90737e-06
3.32953e-05
2.81111e-05
5.65233e-06
4.62057e-06
2.48612e-05
2.48545e-06
2.91509e-05
2.12771e-05
7.61949e-06
8.68961e-06
1.92462e-05
3.93867e-06
1.90964e-05
1.18064e-05
1.82179e-05
3.36605e-06
7.94277e-06
3.02298e-06
8.29036e-06
4.19003e-06
2.89195e-05
2.48602e-05
4.30115e-06
4.71861e-06
1.29097e-05
2.5984e-05
6.0327e-06
2.94912e-05
6.12137e-07
2.85613e-05
2.03546e-05
7.39591e-06
6.19215e-06
6.26799e-06
8.05855e-07
1.3654e-05
2.63871e-06
3.27401e-06
3.45195e-05
2.39166e-06
8.32086e-06
2.40642e-06
2.47077e-06
2.43699e-06
2.5081e-06
2.37875e-06
2.54934e-06
2.59486e-06
2.35371e-06
4.64531e-06
2.24798e-06
2.64506e-06
2.26088e-06
2.33106e-06
7.32296e-06
2.31059e-06
2.27559e-06
2.29214e-06
2.70036e-06
2.23693e-06
2.76119e-06
5.65442e-06
2.82802e-06
2.22778e-06
2.21613e-06
2.22065e-06
3.69526e-06
2.21321e-06
2.21571e-06
2.21316e-06
2.90134e-06
2.22217e-06
2.23161e-06
2.2447e-06
2.98167e-06
2.26167e-06
7.40914e-06
2.28271e-06
2.30793e-06
3.06956e-06
2.33741e-06
3.16562e-06
5.71199e-06
2.3711e-06
3.27048e-06
3.38481e-06
2.40889e-06
3.50932e-06
1.15109e-05
2.45054e-06
3.64474e-06
3.79179e-06
2.49572e-06
2.54396e-06
2.5947e-06
3.95121e-06
2.64721e-06
4.12365e-06
1.17577e-05
4.30969e-06
4.50973e-06
2.70069e-06
1.43962e-05
4.72395e-06
5.74798e-06
4.95228e-06
5.19431e-06
5.71634e-06
5.44935e-06
2.75415e-06
1.55682e-05
5.99396e-06
1.8196e-05
5.11868e-06
6.28062e-06
2.8065e-06
6.57459e-06
6.8741e-06
4.75299e-06
7.17753e-06
2.85646e-06
5.43152e-06
7.48343e-06
2.25502e-05
7.79059e-06
8.71165e-06
8.405e-06
1.70976e-05
8.09799e-06
1.96706e-05
9.01909e-06
2.90264e-06
9.32979e-06
2.94371e-06
9.64742e-06
2.97921e-06
9.97627e-06
1.10685e-05
1.03203e-05
1.0683e-05
2.30373e-05
4.02632e-06
1.1486e-05
3.01205e-06
1.19541e-05
1.24994e-05
1.62139e-05
1.31361e-05
1.70608e-05
1.53834e-05
1.38452e-05
1.78734e-05
1.45958e-05
2.31394e-05
1.80993e-05
3.05635e-06
1.86206e-05
2.43815e-05
8.49892e-06
1.93277e-05
2.85137e-05
2.01003e-05
2.1066e-05
2.22305e-05
3.16093e-06
2.33773e-05
2.12623e-05
2.37622e-05
2.74829e-05
2.35305e-05
3.4818e-06
5.37096e-06
2.27427e-05
1.74934e-05
6.44788e-06
6.05237e-06
2.19333e-06
2.57948e-05
1.81432e-05
6.8124e-06
2.06383e-05
2.99765e-06
6.69534e-06
6.01745e-06
2.76734e-05
7.85627e-06
2.39281e-05
7.10123e-06
2.60948e-05
2.59351e-05
1.40921e-05
2.85485e-06
1.03629e-05
1.91807e-05
1.90611e-05
2.49396e-05
6.77704e-06
2.65455e-05
7.45276e-06
1.11622e-05
7.49705e-06
1.66311e-05
6.83194e-06
3.6043e-05
3.92925e-06
3.82172e-06
4.28046e-06
7.53639e-06
4.03378e-06
2.50879e-05
3.38474e-05
3.52714e-06
2.77984e-06
8.27853e-06
3.1988e-06
2.83533e-05
8.13625e-06
2.98247e-06
3.59193e-06
1.34807e-05
3.33279e-06
2.9881e-05
5.01494e-06
3.18301e-05
4.59443e-06
8.07653e-06
3.29387e-05
2.0333e-06
3.10866e-05
4.85169e-06
2.10535e-05
3.03987e-05
3.00282e-05
3.02535e-06
2.94855e-06
3.06823e-06
2.98557e-06
2.7228e-06
6.07191e-06
3.11457e-06
2.91398e-06
2.70163e-06
3.16475e-06
2.7455e-06
2.6821e-06
3.21916e-06
2.88158e-06
6.03781e-06
2.66439e-06
2.76966e-06
2.85112e-06
3.2782e-06
2.79528e-06
2.8224e-06
2.64869e-06
2.63528e-06
3.34229e-06
3.41188e-06
2.62445e-06
3.48741e-06
7.35996e-06
2.61653e-06
3.56939e-06
9.11256e-06
2.61186e-06
2.61078e-06
2.61363e-06
3.65836e-06
2.6207e-06
2.63222e-06
2.64838e-06
2.66926e-06
3.7549e-06
2.69485e-06
3.85965e-06
2.72502e-06
3.9733e-06
7.27512e-06
2.75955e-06
4.09661e-06
2.79806e-06
4.23036e-06
4.37543e-06
2.84008e-06
4.53269e-06
2.88499e-06
4.70306e-06
4.8874e-06
2.93208e-06
5.08647e-06
5.30079e-06
5.5306e-06
2.9805e-06
5.77574e-06
6.03564e-06
6.30932e-06
1.50556e-05
6.59537e-06
6.89194e-06
3.02927e-06
7.1968e-06
1.70887e-05
5.27729e-06
7.50753e-06
3.07721e-06
7.82181e-06
7.04202e-06
8.13773e-06
9.07909e-06
9.38502e-06
7.93024e-06
8.45368e-06
8.76807e-06
9.68522e-06
3.12283e-06
6.2804e-06
9.98123e-06
2.03871e-05
1.02773e-05
3.16399e-06
1.05799e-05
2.32267e-05
1.08953e-05
3.1974e-06
4.08998e-06
1.1226e-05
1.15689e-05
1.19184e-05
3.21748e-06
1.22824e-05
1.83785e-05
1.75439e-05
1.85321e-05
3.21443e-06
2.73314e-05
1.27111e-05
1.93464e-05
6.32219e-06
1.65404e-05
1.33103e-05
1.56837e-05
3.17179e-06
1.40965e-05
1.49135e-05
3.7981e-06
6.79409e-06
2.34992e-05
2.53362e-05
1.99125e-05
7.32973e-06
3.16394e-06
3.94639e-06
2.02861e-05
2.09734e-05
3.05432e-06
2.24432e-05
2.48941e-05
1.10378e-05
2.82316e-05
2.46855e-05
7.06044e-06
8.52946e-06
1.20651e-06
3.08314e-05
8.75494e-06
2.44666e-06
5.68956e-06
2.70023e-05
8.27951e-06
1.7914e-06
2.58645e-05
7.40456e-06
2.06943e-05
4.49064e-06
2.2551e-05
1.36734e-05
2.22304e-06
2.8766e-05
2.4004e-05
1.70136e-05
2.58802e-05
1.16686e-05
1.67871e-05
2.2347e-05
2.15889e-05
2.38529e-05
3.14426e-05
2.60447e-05
4.18973e-06
7.52493e-06
1.04207e-05
1.12459e-05
1.94673e-05
1.90357e-05
1.85579e-05
4.74603e-06
4.37346e-06
7.58463e-06
3.51574e-06
2.91251e-06
1.22362e-05
3.8823e-06
7.84874e-06
3.30105e-06
2.63177e-06
3.25222e-06
2.46373e-05
5.90082e-06
2.58973e-05
7.61962e-06
3.58308e-05
3.47561e-06
3.43142e-06
3.38952e-06
3.52242e-06
3.34959e-06
3.13889e-06
5.49719e-06
3.31133e-06
3.17121e-06
5.68791e-06
3.27452e-06
3.23898e-06
3.20456e-06
3.57225e-06
3.10767e-06
3.62548e-06
3.07763e-06
9.52071e-06
3.6825e-06
3.74372e-06
3.04895e-06
2.95317e-06
3.02186e-06
2.9736e-06
2.99663e-06
3.80954e-06
6.80768e-06
2.93576e-06
3.88036e-06
3.9566e-06
2.92181e-06
4.03871e-06
2.91177e-06
4.1272e-06
2.90607e-06
7.01229e-06
2.90508e-06
2.90913e-06
4.2226e-06
2.91843e-06
4.32555e-06
2.93311e-06
4.43673e-06
4.5569e-06
1.10306e-05
2.95318e-06
6.32152e-06
4.6869e-06
2.97851e-06
6.85553e-06
4.82765e-06
3.00883e-06
4.98018e-06
3.04377e-06
3.0828e-06
4.8468e-06
5.14564e-06
3.12527e-06
5.32525e-06
5.52024e-06
3.17045e-06
5.73168e-06
5.96032e-06
6.46967e-06
6.20642e-06
6.74925e-06
7.04387e-06
3.21753e-06
7.35164e-06
7.66989e-06
7.99516e-06
3.26566e-06
8.32376e-06
1.04603e-05
6.18814e-06
8.6528e-06
3.31388e-06
8.9808e-06
1.81904e-05
9.30681e-06
1.80965e-05
5.32565e-06
9.94185e-06
9.6286e-06
3.36091e-06
4.45066e-06
1.02416e-05
1.05253e-05
1.07959e-05
3.40458e-06
1.10635e-05
1.13433e-05
3.44038e-06
1.23032e-05
1.16489e-05
1.19789e-05
3.45736e-06
1.25605e-05
3.88684e-06
3.08611e-05
7.42437e-06
4.77992e-06
1.27126e-05
6.46976e-06
2.11177e-05
1.75077e-05
3.42508e-06
1.91732e-05
1.40988e-05
2.03402e-05
1.62864e-05
1.28954e-05
3.91382e-06
1.59355e-05
2.55668e-05
2.11348e-05
1.5237e-05
1.38648e-05
2.09951e-05
9.02422e-06
1.93908e-05
2.03297e-05
3.30462e-06
1.01751e-06
2.30539e-05
3.86314e-06
4.58943e-06
1.85182e-05
1.33148e-06
7.29774e-06
2.46889e-05
7.35385e-06
6.61083e-06
8.48735e-06
2.08855e-05
2.95088e-06
7.63821e-06
1.57445e-05
2.42085e-05
1.75507e-05
2.48646e-05
1.30358e-05
2.14628e-05
2.15583e-05
1.74071e-05
1.46043e-05
2.35987e-05
1.81037e-05
5.07448e-06
7.34202e-06
1.18211e-05
1.79035e-05
7.16706e-06
8.4913e-06
8.22599e-06
7.22259e-06
5.9393e-06
2.50924e-05
2.54984e-05
3.13652e-06
4.02444e-06
2.91539e-05
3.38393e-06
6.28344e-06
2.04159e-06
2.56187e-06
7.89211e-06
8.72547e-06
2.06057e-05
3.52634e-06
3.899e-06
3.84948e-06
3.95105e-06
3.80211e-06
4.00607e-06
3.75649e-06
4.06447e-06
1.22279e-05
3.50449e-06
4.12667e-06
3.71229e-06
3.46479e-06
3.54476e-06
3.66922e-06
3.62705e-06
4.19306e-06
3.5856e-06
6.27241e-06
4.26401e-06
1.10969e-05
3.42576e-06
4.33989e-06
3.24832e-06
3.38753e-06
4.42107e-06
1.00991e-05
3.28033e-06
3.35035e-06
3.21897e-06
3.31449e-06
4.50797e-06
1.11913e-05
3.19282e-06
3.17046e-06
3.15247e-06
4.60108e-06
3.13942e-06
3.13178e-06
3.12996e-06
4.70098e-06
3.13424e-06
3.14478e-06
4.80832e-06
6.77872e-06
3.16159e-06
4.92385e-06
7.00725e-06
3.18453e-06
5.04841e-06
5.18291e-06
3.21331e-06
5.32838e-06
3.24747e-06
5.48608e-06
3.2864e-06
5.65757e-06
3.32937e-06
5.84465e-06
6.04926e-06
1.46811e-05
6.27308e-06
3.37562e-06
6.51712e-06
7.36787e-06
6.78146e-06
7.06541e-06
7.68749e-06
1.80131e-05
4.98627e-06
3.42445e-06
8.02211e-06
8.36756e-06
3.47543e-06
4.71998e-06
8.71708e-06
1.36779e-05
9.06372e-06
1.04202e-05
9.40509e-06
1.00845e-05
9.74445e-06
3.52852e-06
1.07382e-05
1.71212e-05
1.89616e-05
1.10235e-05
4.47601e-06
4.50635e-06
1.12696e-05
1.14837e-05
3.58422e-06
1.7652e-05
1.16931e-05
2.01469e-05
1.74846e-05
1.19415e-05
3.64406e-06
2.24188e-05
1.32589e-05
1.22805e-05
1.80044e-05
6.25928e-06
1.27021e-05
3.71268e-06
1.31206e-05
3.08345e-06
2.24794e-05
1.31883e-05
1.79474e-05
3.80652e-06
1.24934e-05
1.20367e-05
2.50146e-05
2.32268e-05
2.12798e-05
1.01537e-05
1.32614e-05
1.63605e-05
7.3211e-06
2.51536e-05
2.51525e-05
1.63485e-05
3.7773e-06
2.09023e-05
2.70976e-05
5.25955e-06
1.79136e-05
6.3601e-06
3.0571e-05
6.82339e-06
6.53086e-06
4.15213e-06
6.98176e-06
1.01299e-05
2.16842e-05
7.09031e-06
2.26894e-05
1.63913e-05
5.78018e-06
7.61929e-06
5.55841e-06
7.45481e-06
1.23575e-05
1.14636e-05
6.95744e-06
1.33109e-05
3.01422e-05
2.06902e-05
7.55185e-06
6.07054e-06
5.36781e-06
8.25346e-06
1.01818e-05
4.52449e-06
1.88945e-05
1.33198e-05
4.28703e-06
3.0775e-06
7.07457e-06
4.5604e-06
3.49977e-06
4.45376e-06
2.7785e-06
3.8668e-06
2.02445e-05
6.19088e-06
4.21677e-06
4.16559e-06
4.26998e-06
4.11598e-06
4.32571e-06
3.73874e-06
3.78545e-06
4.38443e-06
4.06752e-06
3.69219e-06
4.4466e-06
3.83221e-06
3.64602e-06
4.51264e-06
4.01985e-06
5.31256e-06
3.87898e-06
5.78748e-06
3.97268e-06
3.60051e-06
3.92578e-06
4.58289e-06
3.55602e-06
3.51305e-06
5.34628e-06
4.65767e-06
3.47218e-06
4.73723e-06
4.82188e-06
9.93505e-06
3.43406e-06
4.91194e-06
3.39944e-06
3.36909e-06
5.00791e-06
3.34379e-06
3.3111e-06
3.32425e-06
3.30483e-06
5.1104e-06
3.30578e-06
5.22017e-06
7.25052e-06
1.30083e-05
5.33806e-06
1.01841e-05
3.31411e-06
5.46489e-06
3.32983e-06
5.60153e-06
3.35278e-06
3.38261e-06
3.41874e-06
5.74902e-06
6.15994e-06
3.46036e-06
1.04906e-05
5.90885e-06
6.08328e-06
5.6825e-06
3.50645e-06
6.2754e-06
6.4887e-06
6.98836e-06
6.72602e-06
7.27457e-06
9.82084e-06
6.89797e-06
7.5827e-06
3.55599e-06
7.91191e-06
8.26286e-06
1.39938e-05
6.11337e-06
8.63523e-06
3.60826e-06
4.63041e-06
5.23613e-06
9.02132e-06
6.92592e-06
1.62221e-05
9.40074e-06
3.66337e-06
4.43903e-06
1.04459e-05
1.08222e-05
1.12003e-05
9.75524e-06
1.00942e-05
1.15346e-05
1.17852e-05
6.62061e-06
3.72254e-06
1.19444e-05
5.08305e-06
6.77782e-06
1.20138e-05
3.78754e-06
1.82886e-05
1.20854e-05
3.86036e-06
5.7124e-06
1.2238e-05
1.28314e-05
1.65614e-05
1.35707e-05
1.52066e-05
3.23579e-06
6.08353e-06
1.10002e-05
2.81242e-06
1.18008e-05
2.05406e-05
8.56919e-06
3.93716e-06
1.5017e-05
1.86295e-05
9.01658e-06
1.99673e-05
1.11188e-05
1.25877e-05
4.18166e-06
4.9871e-06
3.01006e-05
1.578e-05
1.88532e-05
6.39896e-06
6.85995e-06
2.73722e-05
2.47638e-05
1.56044e-05
6.24618e-06
6.34636e-06
3.34279e-06
2.02191e-05
7.10278e-06
1.32388e-05
4.73173e-06
7.18001e-06
1.23403e-05
2.12907e-05
1.9269e-05
2.83757e-05
6.99024e-06
3.03396e-06
4.29023e-06
1.4477e-06
1.51552e-06
1.91061e-05
1.8847e-05
2.31535e-05
6.85274e-06
4.48916e-06
4.4372e-06
4.54255e-06
4.38613e-06
4.59794e-06
4.07838e-06
4.33549e-06
4.02525e-06
4.2849e-06
4.23406e-06
4.1309e-06
4.18277e-06
7.34051e-06
4.65592e-06
3.97155e-06
4.71708e-06
3.91746e-06
4.7819e-06
3.70349e-06
4.85077e-06
3.86319e-06
3.75566e-06
5.70781e-06
3.8091e-06
3.65335e-06
4.92396e-06
3.60614e-06
5.17052e-06
5.00161e-06
5.08377e-06
3.56286e-06
3.52455e-06
5.2621e-06
3.49226e-06
7.03788e-06
3.46692e-06
3.44929e-06
5.35903e-06
3.43995e-06
8.13144e-06
3.43924e-06
5.46213e-06
7.80839e-06
3.44731e-06
6.99755e-06
5.57239e-06
9.48041e-06
3.46418e-06
5.69078e-06
3.48968e-06
5.81793e-06
3.52342e-06
6.12239e-06
5.95413e-06
3.56463e-06
6.09988e-06
5.10997e-06
6.25673e-06
3.61201e-06
6.42839e-06
6.62111e-06
1.40887e-05
3.26979e-06
6.8426e-06
7.0982e-06
7.38638e-06
3.66375e-06
7.69977e-06
6.88519e-06
8.03278e-06
5.28713e-06
8.38846e-06
8.77886e-06
3.71776e-06
9.22057e-06
9.69785e-06
1.01051e-05
6.09114e-06
4.36784e-06
3.77243e-06
1.03906e-05
1.20933e-05
1.06731e-05
1.15807e-05
1.10711e-05
1.24588e-05
1.2597e-05
3.82917e-06
1.26452e-05
1.37084e-05
6.6631e-06
3.89295e-06
1.21312e-05
1.22085e-05
4.87041e-06
3.95093e-06
3.96478e-06
8.79801e-06
3.69171e-07
5.66281e-06
8.35926e-06
7.39287e-06
6.19316e-06
4.06853e-06
5.82756e-06
1.84784e-05
1.2155e-05
1.04976e-05
1.86791e-05
4.7938e-06
1.07129e-05
1.14938e-05
4.21253e-06
6.40647e-06
1.65744e-05
2.19985e-05
8.57957e-06
2.70435e-05
1.78365e-05
6.69421e-06
7.58935e-06
9.59941e-06
1.55721e-05
1.09615e-05
1.02325e-05
6.98827e-06
2.03915e-05
1.81647e-05
2.28482e-05
7.33116e-06
2.52057e-05
2.55432e-05
2.5847e-05
1.88672e-05
1.5887e-06
2.76833e-05
5.3805e-06
1.72878e-06
3.24721e-06
1.96983e-05
4.779e-06
4.72641e-06
4.83295e-06
4.67446e-06
4.88902e-06
4.35003e-06
4.94798e-06
4.29172e-06
7.69111e-06
4.62255e-06
5.01054e-06
4.40698e-06
5.07727e-06
4.57016e-06
4.46258e-06
4.51693e-06
4.23208e-06
5.14848e-06
1.15254e-05
5.22424e-06
4.17119e-06
3.91968e-06
5.30428e-06
3.85734e-06
5.38821e-06
4.10918e-06
3.98293e-06
4.04629e-06
5.47568e-06
3.79695e-06
3.73972e-06
3.68706e-06
3.64043e-06
5.56674e-06
3.60126e-06
3.57077e-06
3.54983e-06
5.66217e-06
3.53896e-06
7.48336e-06
3.53841e-06
5.76349e-06
3.54824e-06
5.87258e-06
3.56857e-06
5.99065e-06
6.11733e-06
6.25062e-06
3.59945e-06
3.64071e-06
9.19333e-06
6.3885e-06
3.69138e-06
6.53168e-06
6.35169e-06
3.74918e-06
6.68687e-06
6.86971e-06
7.10278e-06
7.39721e-06
8.75641e-06
7.73273e-06
8.07482e-06
1.94547e-05
8.41335e-06
3.8103e-06
8.76877e-06
7.00706e-06
9.18313e-06
2.08939e-05
9.82576e-06
1.50018e-05
1.07123e-05
1.11948e-05
1.09108e-05
1.57739e-05
4.49928e-06
1.07194e-05
3.86931e-06
1.29425e-05
1.54788e-05
1.09105e-05
1.34735e-05
1.23458e-05
2.10553e-05
1.37541e-05
4.64904e-06
1.15923e-05
1.25844e-05
6.46958e-06
3.91648e-06
5.03683e-06
3.96339e-06
1.42529e-06
1.3106e-05
9.07955e-06
9.64787e-06
1.56893e-05
6.61928e-06
6.99732e-06
6.30556e-06
6.31129e-06
1.5532e-05
6.96101e-06
4.99672e-06
4.988e-06
7.71865e-06
8.20578e-06
6.25961e-06
6.29867e-06
4.49475e-06
4.2284e-06
5.21028e-06
6.96129e-06
8.69428e-06
4.04683e-06
1.14627e-05
4.05135e-06
7.32094e-06
3.98056e-06
1.27845e-05
1.0796e-05
6.91425e-06
8.18614e-06
5.58391e-06
2.29575e-05
5.87576e-06
1.54519e-05
1.95819e-05
2.79103e-06
3.65836e-06
1.75114e-06
5.48882e-06
5.88588e-06
8.57284e-06
4.98779e-06
5.03907e-06
4.93693e-06
4.88565e-06
5.09177e-06
4.83326e-06
4.77928e-06
7.14436e-06
4.72337e-06
4.66539e-06
4.60528e-06
4.54305e-06
7.50505e-06
4.47873e-06
5.14695e-06
6.8663e-06
4.41232e-06
5.2057e-06
5.269e-06
5.42361e-06
4.34382e-06
5.33752e-06
4.27326e-06
4.05238e-06
3.97813e-06
5.65853e-06
4.20084e-06
4.12697e-06
5.41147e-06
3.90565e-06
5.57328e-06
5.49042e-06
7.63299e-06
3.83668e-06
3.77324e-06
5.74481e-06
3.71752e-06
5.8318e-06
3.67157e-06
5.92129e-06
3.63693e-06
3.60394e-06
3.60544e-06
3.61436e-06
6.01742e-06
7.4169e-06
3.61878e-06
6.52899e-06
6.12514e-06
3.64453e-06
7.57722e-06
6.55789e-06
6.24646e-06
3.68392e-06
6.37698e-06
6.50669e-06
4.99949e-06
3.73801e-06
6.62549e-06
7.18576e-06
6.72897e-06
1.95851e-06
3.80595e-06
1.23687e-05
6.82652e-06
6.96398e-06
1.08104e-05
3.88377e-06
7.24009e-06
7.67194e-06
8.50868e-06
8.107e-06
8.42985e-06
6.23363e-06
8.69523e-06
3.96438e-06
6.529e-06
8.94773e-06
9.29074e-06
1.05081e-05
8.87236e-06
9.0101e-06
8.45952e-06
4.28405e-06
4.04817e-06
4.79579e-06
1.50289e-05
1.2538e-05
4.63717e-06
1.30781e-05
1.59638e-05
6.2026e-06
1.43896e-05
1.25372e-05
1.03918e-05
1.33207e-05
1.00655e-05
1.08838e-05
9.94177e-06
1.70752e-05
1.45661e-05
1.44323e-05
5.67255e-06
1.07581e-05
6.57541e-06
7.58248e-06
1.21942e-05
1.92109e-05
1.11089e-05
1.88047e-05
3.05033e-06
2.37434e-05
6.64849e-06
1.05214e-05
3.9221e-06
1.54606e-05
2.36822e-05
5.57947e-06
6.40745e-06
4.22206e-06
5.27145e-06
5.22386e-06
5.17649e-06
5.32068e-06
5.12816e-06
9.08459e-06
5.37316e-06
4.71526e-06
5.43059e-06
5.07791e-06
5.49449e-06
4.78304e-06
5.02506e-06
4.9692e-06
4.91017e-06
4.84806e-06
5.56589e-06
7.16081e-06
4.64474e-06
7.39223e-06
1.05749e-05
5.64479e-06
4.24498e-06
4.33138e-06
5.72979e-06
4.57133e-06
4.41478e-06
5.81784e-06
4.15655e-06
4.49476e-06
5.90463e-06
4.06754e-06
3.97991e-06
9.59484e-06
3.89617e-06
5.98592e-06
3.81947e-06
7.11858e-06
3.75348e-06
3.70144e-06
3.66504e-06
6.0602e-06
3.64399e-06
3.63675e-06
6.13255e-06
5.82183e-06
3.64174e-06
6.21664e-06
3.65845e-06
9.77796e-06
6.28056e-06
6.32934e-06
6.6298e-06
3.68909e-06
6.47431e-06
3.73963e-06
6.76176e-06
3.8158e-06
6.34527e-06
6.84442e-06
3.9164e-06
7.42821e-06
6.61395e-06
6.46227e-06
6.8485e-06
3.83888e-06
6.73171e-06
7.24127e-06
8.27963e-06
1.41901e-05
1.24785e-05
4.03295e-06
7.64417e-06
8.73272e-06
7.68671e-06
1.05653e-05
8.68302e-06
6.63861e-06
4.05529e-06
6.0072e-06
8.94202e-06
1.30282e-05
6.27152e-06
6.81537e-08
6.94304e-06
1.39581e-05
6.40177e-06
7.968e-06
4.55981e-06
1.09906e-05
4.31723e-06
1.31514e-05
1.01785e-05
6.32305e-06
4.93625e-06
4.11673e-06
1.92069e-05
5.89022e-06
4.17002e-06
7.13598e-06
4.41607e-06
1.33693e-05
1.06494e-05
5.01313e-06
7.28709e-06
6.56428e-06
1.62103e-05
3.8706e-06
9.99631e-06
5.43561e-06
5.39491e-06
5.47628e-06
5.35253e-06
5.52634e-06
5.51898e-06
5.30717e-06
4.87089e-06
4.79445e-06
4.94427e-06
5.56627e-06
6.2911e-06
4.71431e-06
5.62107e-06
5.25781e-06
4.23384e-06
5.01472e-06
4.62941e-06
5.68629e-06
5.20385e-06
5.14511e-06
5.08187e-06
4.33999e-06
4.53881e-06
7.54721e-06
5.76395e-06
6.05399e-06
4.44214e-06
6.34894e-06
5.854e-06
5.95315e-06
4.12566e-06
6.14492e-06
6.591e-06
1.00312e-05
4.01779e-06
3.68671e-06
3.91361e-06
6.21232e-06
3.7412e-06
3.81883e-06
1.02592e-05
3.6554e-06
6.24804e-06
3.64236e-06
7.95748e-06
3.64217e-06
3.65011e-06
3.66215e-06
6.26621e-06
3.6851e-06
6.72733e-06
6.31805e-06
5.94008e-06
6.474e-06
6.96328e-06
3.74852e-06
7.10496e-06
7.18891e-06
1.06885e-05
1.0294e-05
3.87061e-06
7.09772e-06
4.03415e-06
6.05912e-06
1.73e-05
7.47882e-06
3.38343e-06
1.04242e-05
1.41955e-05
5.48673e-06
5.31032e-06
6.90494e-06
6.61593e-06
1.90923e-05
9.10917e-06
4.60915e-06
8.52146e-06
1.00985e-05
7.80307e-06
1.40174e-05
1.50367e-05
6.60985e-06
6.27954e-06
7.74096e-06
7.89937e-06
5.25172e-06
9.83829e-06
6.89226e-06
7.82977e-06
5.96564e-06
6.73228e-06
4.29597e-06
9.33156e-06
6.15555e-06
7.61598e-06
1.15185e-05
3.50462e-06
4.5029e-06
5.82801e-06
8.86081e-06
6.30472e-06
1.23839e-05
1.73669e-05
3.41128e-06
1.62508e-05
8.09924e-06
9.93726e-06
1.48565e-05
5.62257e-06
5.59283e-06
5.56037e-06
5.65159e-06
5.52357e-06
5.68276e-06
9.81231e-06
5.09147e-06
5.72034e-06
5.481e-06
5.01351e-06
5.16755e-06
4.933e-06
5.77008e-06
8.28051e-06
5.43153e-06
4.41425e-06
4.84778e-06
5.24113e-06
6.1805e-06
4.53739e-06
5.37463e-06
4.7548e-06
5.83834e-06
5.31073e-06
4.65153e-06
4.28513e-06
6.04613e-06
5.93009e-06
6.31756e-06
4.152e-06
4.01518e-06
6.42783e-06
7.44056e-06
7.69831e-06
3.87714e-06
3.7521e-06
3.6643e-06
3.62406e-06
6.46437e-06
3.61616e-06
1.00764e-05
5.54381e-06
3.62122e-06
6.67312e-06
6.37454e-06
3.63616e-06
6.1906e-06
1.20764e-05
7.65442e-06
6.06412e-06
3.64759e-06
6.11895e-06
3.61268e-06
1.15995e-05
7.26172e-06
6.57906e-06
7.0784e-06
3.54669e-06
7.52017e-06
1.2228e-05
7.09725e-06
3.66973e-06
7.46795e-06
1.02644e-05
3.92073e-06
1.02086e-05
1.13579e-05
8.21812e-06
1.01619e-05
1.42569e-05
7.10256e-06
1.02695e-05
5.80199e-06
7.24315e-06
5.86402e-06
8.07413e-06
7.22472e-06
7.64072e-06
1.22282e-05
7.30262e-06
1.03394e-05
7.31032e-06
6.58977e-06
7.56129e-06
1.39575e-05
5.22808e-06
1.50803e-06
8.08196e-06
3.20863e-06
2.69817e-06
4.47604e-06
5.77037e-06
5.7525e-06
5.78354e-06
5.72886e-06
5.79335e-06
5.69785e-06
5.80328e-06
5.30541e-06
5.22487e-06
9.15391e-06
5.82088e-06
5.65732e-06
4.46751e-06
5.85865e-06
5.38718e-06
5.60522e-06
1.23057e-05
5.54105e-06
8.12275e-06
5.46705e-06
6.7289e-06
1.03731e-05
5.93208e-06
4.61959e-06
5.14665e-06
4.76085e-06
4.88257e-06
6.44729e-06
6.05366e-06
6.22739e-06
6.69272e-06
4.31274e-06
5.06823e-06
4.98308e-06
9.31287e-06
1.13291e-05
4.15322e-06
6.90806e-06
3.97191e-06
7.2848e-06
3.75008e-06
5.52358e-06
3.55538e-06
6.68946e-06
3.49394e-06
7.17121e-06
3.53921e-06
6.94168e-06
1.0206e-05
3.58024e-06
3.58364e-06
8.05666e-06
6.38465e-06
1.05403e-05
3.4568e-06
3.68317e-06
3.7757e-06
5.36383e-06
7.66179e-06
7.96133e-06
1.32848e-05
2.58739e-06
5.26697e-06
7.56775e-06
4.28676e-06
4.50028e-06
1.33392e-05
8.97918e-06
7.46346e-06
3.99669e-06
4.74097e-06
7.05099e-06
1.58883e-05
7.30367e-06
5.25715e-06
8.16848e-06
8.93971e-06
7.61936e-06
5.81511e-06
7.36925e-06
4.16421e-06
5.6425e-06
8.02807e-06
7.8864e-06
6.69403e-06
7.51866e-06
5.84672e-06
5.92955e-06
5.9296e-06
5.92296e-06
5.90947e-06
5.91992e-06
5.4203e-06
5.8858e-06
5.51243e-06
5.34066e-06
5.89744e-06
5.60889e-06
5.27575e-06
1.20479e-05
5.86431e-06
4.67643e-06
5.21775e-06
5.84684e-06
5.83477e-06
5.7029e-06
9.11305e-06
5.14645e-06
4.87217e-06
6.38248e-06
5.78582e-06
5.83974e-06
9.57002e-06
4.48779e-06
5.03523e-06
5.92054e-06
6.77862e-06
6.10048e-06
1.2223e-05
4.33057e-06
9.66351e-06
1.34261e-05
7.31822e-06
1.04351e-05
8.27821e-06
4.18898e-06
8.0651e-06
3.2985e-06
3.95833e-06
3.64327e-06
4.31619e-06
6.53116e-06
2.9909e-06
3.31308e-06
6.66072e-06
3.59065e-06
9.08716e-06
3.11888e-06
7.43445e-06
6.02344e-06
8.70297e-06
4.35321e-06
1.30759e-05
7.54881e-06
1.11829e-05
1.6376e-05
5.07145e-06
1.16051e-05
4.41557e-06
6.21951e-06
7.15123e-06
7.9553e-06
8.08064e-06
7.47793e-06
1.18076e-05
8.46213e-06
6.0183e-06
6.80922e-06
4.12765e-06
7.26211e-06
7.79664e-06
1.05183e-05
4.51092e-06
4.15351e-06
8.04785e-06
6.09527e-06
6.10184e-06
6.08343e-06
6.10949e-06
5.59415e-06
6.11417e-06
6.04867e-06
5.72352e-06
5.48685e-06
6.10499e-06
7.86282e-06
6.07671e-06
5.97714e-06
5.84277e-06
8.10585e-06
7.81698e-06
5.43359e-06
5.41473e-06
5.42594e-06
5.96854e-06
5.25749e-06
4.95468e-06
5.25248e-06
5.41291e-06
6.00132e-06
6.28865e-06
5.8384e-06
4.61876e-06
5.68086e-06
6.39778e-06
8.63217e-06
5.72017e-06
5.59191e-06
4.41637e-06
9.28259e-06
6.98803e-06
6.66315e-06
4.36584e-06
7.81172e-06
7.7553e-06
1.18967e-05
8.06838e-06
6.42624e-06
3.12769e-06
8.31619e-06
9.39087e-06
7.87015e-06
3.80225e-06
4.59505e-06
8.69298e-06
2.91311e-06
3.89281e-07
5.11683e-06
8.66741e-06
8.97567e-06
7.59421e-06
6.13122e-06
1.00414e-05
5.78494e-06
4.84193e-06
6.72214e-06
4.02957e-06
7.48652e-06
8.4737e-06
4.26771e-06
1.09557e-05
4.65015e-06
7.60947e-06
6.26257e-06
6.25684e-06
6.26993e-06
6.32162e-06
6.28849e-06
6.36601e-06
5.78692e-06
6.00421e-06
6.24489e-06
5.55379e-06
1.129e-05
5.55834e-06
5.44775e-06
6.36567e-06
4.76568e-06
5.43716e-06
6.00912e-06
8.0496e-06
6.55408e-06
5.97245e-06
5.9362e-06
6.27132e-06
5.61196e-06
6.04303e-06
4.70244e-06
6.04698e-06
5.58602e-06
6.1817e-06
5.08262e-06
7.50603e-06
8.00773e-06
6.7643e-06
5.50625e-06
5.70921e-06
9.30763e-06
9.06031e-06
4.0191e-06
1.03856e-05
7.54497e-06
4.23408e-06
5.19847e-06
1.24102e-05
1.0777e-05
8.34693e-06
9.11782e-06
9.32655e-06
9.63545e-06
5.70703e-06
4.68668e-06
5.34393e-06
2.81748e-06
6.33925e-06
6.39671e-06
6.43075e-06
6.29976e-06
5.60051e-06
6.83445e-06
6.76584e-06
1.23892e-05
6.27524e-06
5.07475e-06
1.20403e-05
5.26387e-06
6.62293e-06
7.1218e-06
8.39373e-06
7.5044e-06
9.61865e-06
7.43103e-06
7.7123e-06
7.21449e-06
6.6355e-06
9.13016e-06
4.59334e-06
7.69058e-06
5.6815e-06
7.80629e-06
9.09278e-06
5.77428e-06
7.93287e-06
7.17796e-06
6.15771e-06
6.46928e-06
6.52507e-06
7.13115e-06
5.5313e-06
5.48424e-06
4.2664e-06
8.05329e-06
6.23942e-06
5.82389e-06
8.81935e-06
7.30441e-06
4.03629e-06
5.09155e-06
5.85223e-06
7.84582e-06
4.94046e-06
8.40401e-06
7.70747e-06
7.56264e-06
4.84386e-06
4.98596e-06
6.96414e-06
7.63956e-06
5.5904e-06
7.57795e-06
6.16265e-06
