0,0.12
0.00128646660536655,0.12
0.00257857560812507,0.119317453615161
0.0045885229457494,0.116928541268225
0.00659847028337373,0.114880902113708
0.00832128228705172,0.111980079978143
0.0101876619577029,0.10754352847669
0.0111926356265151,0.104472069744914
0.0121976092953272,0.1007180646283
0.0130590152971662,0.0974759693003154
0.0140639889659784,0.0930394177988624
0.0152125303017637,0.0892854126822483
0.0166482069714954,0.0860433173542634
0.0177967483072807,0.0826305854300687
0.0189452896430661,0.0785353071210351
0.0202373986458246,0.0746106654082112
0.0216730753155563,0.0708566602915974
0.0233958873192342,0.0674439283674028
0.0252622669898855,0.0636899232507886
0.0261236729917245,0.0623248304811108
0.0272722143275098,0.059594644941755
0.028277187996322,0.0563525496137701
0.0289950263311878,0.0527691810933657
0.0295692969990805,0.049356449169171
0.0298564323330268,0.0461143538411861
0.03,0.0420190755321525
0.0298564323330268,0.0370706142420706
0.0294257293321073,0.032975335933037
0.0287078909972415,0.0292213308164228
0.0279900526623756,0.0261498720846476
0.0269850789935635,0.0229077767566627
0.0261236729917245,0.0196656814286778
0.0251186993229122,0.0164235861006928
0.0236830254743793,0.0136080895655845
0.0222473459834489,0.0107925784257716
0.0203809663127978,0.00840366607883538
0.0183710189751734,0.00669730011673805
0.0152125303017637,0.00464966096222126
0.0126283122962467,0.00345520478875341
0.00990052662375657,0.0022607486152853
0.00774701161915907,0.00157820223044636
0.00501922594666888,0.000895655845607424
0.00343998160996405,0.000554382653187965
0.00143003427233972,0
0,0
0.00193252110674581,0.119658726807581
0.025692969990805,0.0630073768659497
0.00882376912145782,0.00191947542286583
0.00422960377831647,0.000725019249397694
0.00243500794115189,0.000277191326593982
0.000715017136169862,0
0,0.001
0.00322237989322228,0.118552263414956
0.00528903103326975,0.116214896805401
0.00710910739820208,0.114021105779127
0.00870904948936794,0.111058322636535
0.0104986364511539,0.106593110219067
0.0114512364359562,0.103506085468978
0.0124543943999879,0.0997515961031923
0.0132799395323788,0.0965006783271716
0.0143565532683158,0.0920831719471079
0.0156174308998215,0.0883710519735056
0.0169671738028525,0.0850955514757396
0.0180667844684317,0.0816677352487472
0.0192580072937005,0.0775854609908742
0.0205946059591253,0.0736766402825725
0.0221237271547914,0.0699639604989493
0.0238410726742518,0.0665484899274875
0.0265114401940407,0.061403073139503
0.0275682927025313,0.0586394812930306
0.0284736105436556,0.0553720302703102
0.0291609663762728,0.0517830452500676
0.0296575164321933,0.0483603481042076
0.0298914676874407,0.0451149677676684
0.0299709996150207,0.041019496131769
0.0297518385606144,0.0360760992131381
0.029237912914701,0.0319931317824895
0.0284803112322717,0.0282475713745809
0.0276939742873541,0.0251947084359232
0.0267282938889028,0.0219413082315547
0.0258275946167029,0.0187105177799533
0.0246644308401572,0.0155327212705556
0.0232287574448455,0.0127172245043415
0.0216316933587922,0.0100045607573446
0.0196186361006285,0.00775647781595204
0.0175319230507694,0.00615331663385592
0.0143048036297213,0.00423009894193975
0.0117122844829161,0.00305409003559084
0.00677691934411132,0.00133546579335321
0,0.119
0.00394471866065219,0.11769373146843
0.00589796219585338,0.115594546576531
0.00781064517222337,0.112839876312724
0.00979989475538669,0.108465285818297
0.0108816611330641,0.105422488002537
0.0119390084858861,0.101684048904237
0.0128022301925055,0.0984424378254234
0.0138430647307658,0.0940147087720062
0.0149199659994263,0.0902416585340029
0.0162433063734377,0.0869576780630061
0.0174777814759237,0.0835783513085925
0.0186752534819151,0.0794981573023566
0.0199246809951901,0.0755605115383722
0.0213158680022555,0.0717906854172362
0.0229452354799991,0.0683366281600508
0.0248170816348679,0.0645853616907039
0.0268844471251936,0.0605164022833628
0.0279811096213005,0.0573077132624946
0.0287986037838542,0.0537497004368256
0.0294033569539956,0.0503425850124691
0.029768212899914,0.0471104549061495
0.0299649646455861,0.0430184616056702
0.0298854327180061,0.0380701936424541
0.0295303231045198,0.0339698509619694
0.0288957074146478,0.0302035349669703
0.0282176324273454,0.0271236315264896
0.027281157368585,0.0238629404053872
0.0263804580963851,0.0206321499537858
0.0254147776979338,0.0173787497494173
0.0241372939571343,0.0144989543957217
0.0227016140129826,0.0116834434870147
0.0209966189374545,0.00919168374726246
0.0191333491873427,0.00734448837962138
0.0160516262261678,0.00519364444510338
0.0135360389682892,0.00387476680903492
0.0108165544370872,0.00266186336844787
0.00598931822171663,0.00113839228270058
0.00745987628521272,0.113430491045925
0.0116951224609212,0.102595067186607
0.0126283122962467,0.0990970169643079
0.0135615021315723,0.0952576935495889
0.0146382596338711,0.0911624152405554
0.0159303686366296,0.0876643650182558
0.0172224776393881,0.084336951392166
0.0183710189751734,0.0805829462755519
0.0195913441444453,0.0765729862646232
0.0209552369806904,0.0727336628499043
0.0225344813173952,0.0691502943295001
0.0243290771545598,0.0655669258090957
0.0277747011619159,0.0579735972777626
0.0286361071637549,0.0545608653535679
0.0292821616651342,0.0510628151312684
0.0299282161665134,0.0440667146866693
0.0296410808325671,0.0350229750875538
0.0290668101646744,0.0310983333747299
0.0274875658279696,0.0245288244206552
0.026554375992644,0.0212867290926702
0.0256211861573183,0.0180446337646853
0.0167917746384686,0.00567348053947965
0,0.002
0.00909681669168415,0.110136565294927
0.0299419992300414,0.0400199167313855
0,0.118
0.00941212755307047,0.109387043159905
0.0299144331029854,0.0390697730428376
0,0.003
0,0.117
0,0.004
0,0.116
0,0.005
0,0.115
0,0.006
0,0.114
0,0.007
0,0.113
0,0.008
0,0.112
0,0.009
0,0.111
0,0.01
0,0.11
0,0.011
0,0.109
0,0.012
0,0.108
0,0.013
0,0.107
0,0.014
0,0.106
0,0.015
0,0.105
0,0.016
0,0.104
0,0.017
0,0.103
0,0.018
0,0.102
0,0.019
0,0.101
0,0.02
0,0.1
0,0.021
0,0.099
0,0.022
0,0.098
0,0.023
0,0.097
0,0.024
0,0.096
0,0.025
0,0.095
0,0.026
0,0.094
0,0.027
0,0.093
0,0.028
0,0.092
0,0.029
0,0.091
0,0.03
0,0.09
0,0.031
0,0.089
0,0.032
0,0.088
0,0.033
0,0.087
0,0.034
0,0.086
0,0.035
0,0.085
0,0.036
0,0.084
0,0.037
0,0.083
0,0.038
0,0.082
0,0.039
0,0.081
0,0.04
0,0.08
0,0.041
0,0.079
0,0.042
0,0.078
0,0.043
0,0.077
0,0.044
0,0.076
0,0.045
0,0.075
0,0.046
0,0.074
0,0.047
0,0.073
0,0.048
0,0.072
0,0.049
0,0.071
0,0.05
0,0.07
0,0.051
0,0.069
0,0.052
0,0.0679999999999999
0,0.053
0,0.0669999999999999
0,0.054
0,0.0659999999999999
0,0.055
0,0.0649999999999999
0,0.056
0,0.0639999999999999
0,0.057
0,0.0629999999999999
0,0.058
0,0.0619999999999999
0,0.059
0,0.0609999999999999
0,0.06
0.0284887406176863,0.05055899177732
0.0283675453288249,0.0512792218961193
0.0270507094070414,0.0573842438758487
0.026763574073095,0.025118177822569
0.0258043486460718,0.0218364010860621
0.0278682008134663,0.0539851759793298
0.027705704193367,0.0547963408960721
0.0248971944024438,0.0186339871665992
0.0283017477936111,0.0317083863673313
0.0247452201044169,0.0628864892591989
0.0290625550126817,0.0395699599572231
0.0281306450435845,0.0308135879595717
0.0291198386536786,0.0415444009020724
0.000866025403784439,0.0415
0.000866025403784439,0.0425
0.0290908382686993,0.0405448215016889
0.000866025403784439,0.0405
0.000866025403784439,0.0435
0.000866025403784439,0.0395
0.029034271756664,0.0385950984127574
0.000866025403784439,0.0445
0.000866025403784439,0.0385
0.0290084562823791,0.0455843192974743
0.000866025403784439,0.0455
0.000866025403784439,0.0375
0.000866025403784439,0.0465
0.000866025403784439,0.0365
0.000866025403784439,0.0475
0.000866025403784439,0.0355
0.000866025403784439,0.0485
0.0188155111672975,0.00821068042759769
0.000866025403784439,0.0345
0.000866025403784439,0.0495
0.0282239776618518,0.052132404877168
0.000866025403784439,0.0335
0.0290810966781951,0.0435122466392168
0.0290443481991224,0.0445604997202159
0.000866025403784439,0.0505
0.000866025403784439,0.0325
0.027951185459868,0.0298750866804182
0.000866025403784439,0.0515
0.0288351844170898,0.0356401180143328
0.000866025403784439,0.0315
0.0287244266890425,0.0345869938887484
0.000866025403784439,0.0525
0.000866025403784439,0.0305
0.000866025403784439,0.0535
0.000866025403784439,0.0295
0.02589967838566,0.0606239214634726
0.000866025403784439,0.0545
0.0270148174902981,0.0259287016545653
0.000866025403784439,0.0285
0.000866025403784439,0.0555
0.000866025403784439,0.0275
0.0263059221965074,0.0236417699753048
0.000866025403784439,0.0265
0.0260197001465315,0.0226469249180583
0.000866025403784439,0.0565
0.000866025403784439,0.0255
0.000866025403784439,0.0245
0.000866025403784439,0.0575
0.0275056714159985,0.0278826913083863
0.0254150792493532,0.0203712981151814
0.000866025403784439,0.0235
0.0288502158390586,0.0476590012349954
0.0242642018758849,0.0637521006439083
0.0290052713716847,0.0375955190123739
0.000866025403784439,0.0225
0.000866025403784439,0.0585
0.000866025403784439,0.0215
0.000866025403784439,0.0595
0.000866025403784439,0.0205
0.000866025403784439,0.0605
0.0231386481415198,0.0144469300268576
0.0219667577003108,0.0683531853037356
0.000866025403784439,0.0195
0.0228430075602513,0.0666106673206071
0.000866025403784439,0.0614999999999999
0.022684379685232,0.0135560646886663
0.0237976069582221,0.0646906019230618
0.021556003537707,0.0691668514731849
0.000866025403784439,0.0185
0.000866025403784439,0.0624999999999999
0.0233096024779141,0.0656721660414536
0.000866025403784439,0.0175
0.0236293508244088,0.0154092458793431
0.000866025403784439,0.0634999999999999
0.0284812073773276,0.0326468876464849
0.0166907453292039,0.00664007697341365
0.000866025403784439,0.0165
0.0206317128286345,0.0101312930651628
0.000866025403784439,0.0644999999999999
0.0211253005367875,0.0700200344542335
0.000866025403784439,0.0654999999999999
0.0159505969169031,0.00616024087903738
0.0221936739545337,0.0125937416493814
0.000866025403784439,0.0664999999999999
0.000866025403784439,0.0155
0.0206855821723298,0.0710143222466808
0.000866025403784439,0.0674999999999999
0.000866025403784439,0.0684999999999999
0.0203266630048969,0.0719528235258343
0.000866025403784439,0.0695
0.000866025403784439,0.0145
0.0199660319833318,0.0728958009585024
0.0135570699309783,0.00483854723316882
0.000866025403784439,0.0705
0.000866025403784439,0.0715
0.0192584489421017,0.0748147670436305
0.0262800654523945,0.0597197073645987
0.000866025403784439,0.0725
0.000866025403784439,0.0135
0.000866025403784439,0.0735
0.0165293402300142,0.0836814179714594
0.000866025403784439,0.0745
0.018935421691412,0.0757959274718364
0.0162740363934786,0.0844400180550329
0.0182790575899776,0.0777895626262934
0.0275262446096505,0.0556921830261732
0.000866025403784439,0.0755
0.0186020848406672,0.0768084021980875
0.0179764188454277,0.0787828740361987
0.000866025403784439,0.0765
0.0152949779030401,0.0869603673367055
0.000866025403784439,0.0125
0.000866025403784439,0.0775
0.014982040166232,0.0876670542919552
0.000866025403784439,0.0785
0.0127188242642411,0.00445110015657565
0.000866025403784439,0.0795
0.0170979136707933,0.0819153021639108
0.000866025403784439,0.0805
0.0176892835114814,0.0798066936134571
0.000866025403784439,0.0115
0.000866025403784439,0.0815
0.0173850490047397,0.0808914825866524
0.000866025403784439,0.0825
0.0159869010595322,0.0852932010360816
0.000866025403784439,0.0835
0.000866025403784439,0.0845
0.000866025403784439,0.0105
0.000866025403784439,0.0855
0.0146231209987991,0.0884775781239514
0.000866025403784439,0.0865
0.0118782849496745,0.098547344970916
0.01819170260457,0.00768109157799069
0.000866025403784439,0.0875
0.0142381149507121,0.0895101674900609
0.000866025403784439,0.0095
0.000866025403784439,0.0885
0.0136692732512105,0.0913694254757669
0.000866025403784439,0.0895
0.0100111649643504,0.00325460934878403
0.0133821379172642,0.0923079267549205
0.000866025403784439,0.0905
0.000866025403784439,0.0915
0.0131089000895479,0.0933357372854286
0.0143953155977156,0.00522599430976199
0.000866025403784439,0.0925
0.000866025403784439,0.0935
0.000866025403784439,0.0085
0.000866025403784439,0.0945
0.000866025403784439,0.0955
0.0123248506559483,0.0967969978137378
0.000866025403784439,0.0965
0.000866025403784439,0.0975
0.000866025403784439,0.0985
0.011489015552956,0.100012447941797
0.0109804985507864,0.101915603175007
0.000866025403784439,0.0995
0.0128576566723449,0.0944448751607918
0.000866025403784439,0.0075
0.0251759231053364,0.06220394287436
0.0107366125258215,0.102826621457377
0.000866025403784439,0.1005
0.0125760940731514,0.0956878599383745
0.00802373545701275,0.00257439119104507
0.000866025403784439,0.1015
0.0244395425258562,0.0171575793193349
0.0104853691086184,0.103765122736531
0.000866025403784439,0.1025
0.000866025403784439,0.1035
0.000866025403784439,0.1045
0.000866025403784439,0.0065
0.00845620684842016,0.109425987979456
0.00952006284910643,0.106799007536621
0.000866025403784439,0.1055
0.000866025403784439,0.1065
0.00880774588027142,0.108590348241141
0.00689065526088973,0.112692958965768
0.00986706243678703,0.105738487299544
0.000866025403784439,0.1075
0.000866025403784439,0.1085
0.00810466781656889,0.110261627717771
0.000866025403784439,0.0055
0.000866025403784439,0.1095
0.00771690061425267,0.111183385059378
0.00529405616324596,0.00185714861836039
0.000866025403784439,0.1105
0.000866025403784439,0.1115
0.000866025403784439,0.0045
0.000866025403784439,0.1125
0.00610918337295958,0.114008779232861
0.00365186788268419,0.00148618693071231
0.000866025403784439,0.1135
0.000866025403784439,0.0035
0.000866025403784439,0.1145
0.00432074275543436,0.115965061237464
0.000866025403784439,0.1155
0.00360394665109596,0.116753585502368
0.00270722653964241,0.00125063819790851
0.000866025403784439,0.0025
0.000866025403784439,0.1165
0.00292087512483241,0.117565446575733
0.00185104546331036,0.118722337373541
0.000866025403784439,0.1175
0.00170225287083024,0.000973446871314524
0.000866025403784439,0.1185
0.0275741242813771,0.050775398542171
0.0269377978430783,0.054220651521834
0.0274417428034598,0.0515621050920949
0.0273655826725212,0.0314236409521731
0.0260619997971297,0.025779851132847
0.0282110354868588,0.0400825057995676
0.0281827522308411,0.0391076442551019
0.0275408638393927,0.0323402907956297
0.00173205080756888,0.042
0.0267668197411705,0.0550741550452557
0.0282396773073572,0.0410697262719922
0.00173205080756888,0.041
0.00173205080756888,0.043
0.00173205080756888,0.04
0.00173205080756888,0.044
0.00173205080756888,0.039
0.0281541104103427,0.0381204237826773
0.00173205080756888,0.045
0.00173205080756888,0.038
0.00173205080756888,0.046
0.0271903015056496,0.0305069911087166
0.00173205080756888,0.037
0.00173205080756888,0.047
0.00173205080756888,0.036
0.00173205080756888,0.048
0.028160908512896,0.0450420680018921
0.00173205080756888,0.035
0.0250750381016001,0.0224640454260098
0.00173205080756888,0.049
0.00173205080756888,0.034
0.028197228710804,0.0440060316727633
0.00173205080756888,0.05
0.00173205080756888,0.033
0.00173205080756888,0.051
0.00173205080756888,0.032
0.0279185302735652,0.0352041368155274
0.00173205080756888,0.052
0.00173205080756888,0.031
0.00173205080756888,0.053
0.00173205080756888,0.03
0.00173205080756888,0.054
0.0252916066450701,0.0598359981660754
0.00173205080756888,0.029
0.00173205080756888,0.055
0.00173205080756888,0.028
0.00173205080756888,0.027
0.00173205080756888,0.056
0.00173205080756888,0.026
0.0253305460951386,0.0233837943982947
0.0237477142570174,0.0628986336316951
0.00173205080756888,0.025
0.00173205080756888,0.057
0.00173205080756888,0.024
0.00173205080756888,0.023
0.00173205080756888,0.058
0.00173205080756888,0.022
0.00173205080756888,0.059
0.00173205080756888,0.021
0.0232554319805618,0.0638358094566471
0.00173205080756888,0.06
0.0179431254092456,0.00860608333260516
0.00173205080756888,0.02
0.00173205080756888,0.061
0.0221400022390672,0.0143949052077158
0.00173205080756888,0.019
0.0209882799206226,0.0683697424474204
0.00173205080756888,0.0619999999999999
0.0226124879087274,0.0153214959993049
0.0223008325825909,0.0657558748541924
0.0227781322815764,0.0647958421554197
0.00173205080756888,0.018
0.00173205080756888,0.0629999999999999
0.00173205080756888,0.017
0.0205675513388609,0.0692031670226693
0.00173205080756888,0.0639999999999999
0.0216675150455024,0.0134683108227271
0.00173205080756888,0.0649999999999999
0.00173205080756888,0.016
0.0158495676076385,0.00712683731297139
0.00173205080756888,0.0659999999999999
0.00173205080756888,0.0669999999999999
0.0196972331020372,0.0711742222785215
0.00173205080756888,0.0679999999999999
0.00173205080756888,0.015
0.020113412021944,0.0701669076889995
0.00173205080756888,0.069
0.0193374580075382,0.0721149616344323
0.00173205080756888,0.07
0.0136128413963201,0.00581838512914689
0.00173205080756888,0.071
0.00173205080756888,0.014
0.00173205080756888,0.072
0.00173205080756888,0.073
0.0182743444383512,0.0750345258280722
0.00173205080756888,0.074
0.0127745957295828,0.00543093805255372
0.00173205080756888,0.013
0.00173205080756888,0.075
0.0155808989841047,0.0837844846343263
0.0179461623876339,0.0760313434053007
0.00173205080756888,0.076
0.0172993102384662,0.0780338157099875
0.00173205080756888,0.077
0.00173205080756888,0.078
0.0143466494326425,0.0869630566104048
0.0169989984613917,0.0790609256493308
0.00173205080756888,0.079
0.00173205080756888,0.012
0.0153096793988637,0.0845903761666374
0.00173205080756888,0.08
0.0164076286207036,0.0811695341997845
0.00173205080756888,0.081
0.0167033135410476,0.0801152299245576
0.00173205080756888,0.082
0.014010720980522,0.0877216620040278
0.00173205080756888,0.083
0.00173205080756888,0.011
0.00173205080756888,0.084
0.00173205080756888,0.085
0.00173205080756888,0.086
0.00173205080756888,0.01
0.00173205080756888,0.087
0.00173205080756888,0.088
0.0136191622981112,0.0886913175478525
0.00173205080756888,0.089
0.0126975723843544,0.091585307997279
0.00173205080756888,0.09
0.00173205080756888,0.009
0.00173205080756888,0.091
0.00173205080756888,0.092
0.0124085639413109,0.0925993320785268
0.00173205080756888,0.093
0.00173205080756888,0.094
0.00173205080756888,0.095
0.00173205080756888,0.096
0.0121386516221223,0.0936989802231045
0.00173205080756888,0.008
0.00173205080756888,0.097
0.0116058456057257,0.0960511028760504
0.00173205080756888,0.098
0.00173205080756888,0.099
0.011872248613924,0.0948750415495774
0.0100219886156867,0.102147157445777
0.00173205080756888,0.1
0.00173205080756888,0.101
0.0097744238946027,0.103071917226539
0.00173205080756888,0.102
0.00173205080756888,0.007
0.00173205080756888,0.103
0.00173205080756888,0.104
0.00173205080756888,0.105
0.00173205080756888,0.106
0.00887047628762478,0.105999435606825
0.00783371109038864,0.108672351862338
0.00173205080756888,0.006
0.00173205080756888,0.107
0.00748217205853737,0.109507991600653
0.00173205080756888,0.108
0.00173205080756888,0.109
0.00711251894145362,0.110386690140614
0.00173205080756888,0.11
0.00173205080756888,0.005
0.00173205080756888,0.111
0.00173205080756888,0.112
0.00173205080756888,0.113
0.00173205080756888,0.004
0.00173205080756888,0.114
0.00297001727998047,0.00220870846929776
0.00173205080756888,0.115
0.00332151994926864,0.115776791280958
0.00173205080756888,0.003
0.00173205080756888,0.116
0.00259973673585937,0.116601965173091
0.0287507578886419,0.0487819983665062
0.00197447146932076,0.00194689374262905
0.0217029682238353,0.0116314186100965
0.00897232426696521,0.002917059254259
0.0195655694641603,0.0738380749386699
0.0199918835642324,0.00934214734009834
0.007048817279425,0.00230867738111375
0.0288496120252728,0.0466155795429759
0.0101097836514545,0.104730990098908
0.00500239410602981,0.115324499872749
0.0276846790130027,0.0288886716828643
0.0109196096633581,0.00364542059817126
0.000862654220347838,0.00150583906099383
0.0272321791163133,0.0269127466624911
0.011244473498757,0.100966621761988
0.0118308976542653,0.00402973860730549
0.0139811437934099,0.0904578975269437
0.0291113987153205,0.0425285389757489
0.0224215965704255,0.0674903311538157
0.0289326921403022,0.0366167343338776
0.0286192453919531,0.0336148812442642
0.00920064288036481,0.107709286761475
0.0280989930985943,0.0530689492486714
0.0240508843038263,0.0162757952707136
0.0175023608687198,0.00707243577404247
0.0168857744276303,0.0828215868228021
0.0152310223496638,0.00559645241875219
0.0266790982183751,0.0588873223225432
0.0157669894816831,0.0861999235054102
0.00447326226000919,0.00150979738423313
0.0252329074163481,0.019479757661368
0.0121783908139048,0.0976917712311739
0.0274563229604489,0.0566215711729656
0.00746460638433196,0.11205282917022
0.00129926970327659,0.119242086949642
0.0256374323496596,0.0614595700945178
0.0267697525109532,0.0243863968448585
0.0249033728403019,0.0179022061888886
0.00673651263642055,0.113400350967452
0.0119308884869933,0.0992621095462819
0.0258569521833906,0.0211216365106962
0.00577264099929842,0.114770903232619
0.00149648758923491,0.118
0.00248712175548379,0.118237440589793
0.000643233302683276,0.12
0.0266539148505399,0.0510250435225843
0.0260031541317861,0.0544772963676778
0.0266026095098803,0.032044619662623
0.0273312327050182,0.0396201900974463
0.0264273283430088,0.0311279698191665
0.0273596952432763,0.0406012311058915
0.0273027701667602,0.0386391490890012
0.00259807621135332,0.0425
0.00259807621135332,0.0415
0.00259807621135332,0.0465
0.00259807621135332,0.0405
0.00259807621135332,0.0435
0.00259807621135332,0.0395
0.00259807621135332,0.0445
0.00259807621135332,0.0455
0.00259807621135332,0.0385
0.00259807621135332,0.0375
0.00259807621135332,0.0475
0.00259807621135332,0.0365
0.00259807621135332,0.0355
0.00259807621135332,0.0485
0.00259807621135332,0.0345
0.0273135748839953,0.0444937083303747
0.00259807621135332,0.0495
0.00259807621135332,0.0335
0.00259807621135332,0.0505
0.00259807621135332,0.0325
0.00259807621135332,0.0515
0.00259807621135332,0.0315
0.00259807621135332,0.0525
0.00259807621135332,0.0305
0.00259807621135332,0.0535
0.00259807621135332,0.0295
0.00259807621135332,0.0545
0.00259807621135332,0.0285
0.0243683662981672,0.023155724968087
0.00259807621135332,0.0555
0.00259807621135332,0.0275
0.00259807621135332,0.0265
0.00259807621135332,0.0565
0.00259807621135332,0.0255
0.00259807621135332,0.0245
0.00259807621135332,0.0235
0.00259807621135332,0.0225
0.00259807621135332,0.0575
0.00259807621135332,0.0585
0.00259807621135332,0.0215
0.0227348852742318,0.0629644936596046
0.00259807621135332,0.0595
0.00259807621135332,0.0205
0.00259807621135332,0.0605
0.0222413096945774,0.0639302839791954
0.00259807621135332,0.0195
0.00259807621135332,0.0615
0.0216047334515536,0.0152516085553728
0.0217640099955919,0.0648903166779681
0.00259807621135332,0.0185
0.00259807621135332,0.0624999999999999
0.0211322469160108,0.0143250157632664
0.0200048149313554,0.068396178794005
0.00259807621135332,0.0175
0.00259807621135332,0.0634999999999999
0.00259807621135332,0.0165
0.00259807621135332,0.0644999999999999
0.00259807621135332,0.0654999999999999
0.00259807621135332,0.0664999999999999
0.00259807621135332,0.0155
0.019557078188808,0.0693158775403648
0.00259807621135332,0.0674999999999999
0.00259807621135332,0.0684999999999999
0.0187084560682116,0.0713352413487409
0.0191049207081678,0.0703398734773728
0.00259807621135332,0.0695
0.00259807621135332,0.0145
0.00259807621135332,0.0705
0.00259807621135332,0.0715
0.00259807621135332,0.0725
0.00259807621135332,0.0135
0.0128303671949245,0.00641077594853179
0.00259807621135332,0.0735
0.0172876625345869,0.0752621131870252
0.00259807621135332,0.0745
0.00259807621135332,0.0755
0.00259807621135332,0.0765
0.00259807621135332,0.0125
0.00259807621135332,0.0775
0.0146244998638425,0.083911197021562
0.016317930695495,0.0783043331592852
0.00259807621135332,0.0785
0.00259807621135332,0.0795
0.0160173032841568,0.079354219611447
0.00259807621135332,0.0805
0.0157216183638127,0.0804085238866739
0.00259807621135332,0.0115
0.0133868256045887,0.0869917051032909
0.00259807621135332,0.0815
0.00259807621135332,0.0825
0.00259807621135332,0.0835
0.00259807621135332,0.0105
0.00259807621135332,0.0845
0.00259807621135332,0.0855
0.00259807621135332,0.0095
0.00259807621135332,0.0865
0.0130119171700141,0.0878822187447
0.00259807621135332,0.0875
0.00259807621135332,0.0885
0.00259807621135332,0.0085
0.00259807621135332,0.0895
0.00922412066854626,0.00390947100719486
0.00259807621135332,0.0905
0.00259807621135332,0.0915
0.0117202095429156,0.0918549458202005
0.00259807621135332,0.0925
0.00259807621135332,0.0935
0.00259807621135332,0.0075
0.00259807621135332,0.0945
0.00259807621135332,0.0975
0.0114325476736618,0.0929427151310572
0.00259807621135332,0.0955
0.00259807621135332,0.0965
0.00259807621135332,0.0985
0.0242601176452606,0.0193763758416464
0.011160823359199,0.0940956848863352
0.0108944203510007,0.0952717462128082
0.00259807621135332,0.0995
0.00259807621135332,0.1005
0.00259807621135332,0.0065
0.00906163933252744,0.102385582465743
0.00259807621135332,0.1015
0.00259807621135332,0.1025
0.00259807621135332,0.1035
0.00259807621135332,0.1045
0.0279378380368552,0.0481440995305676
0.00259807621135332,0.0055
0.00259807621135332,0.1055
0.00259807621135332,0.1065
0.00685967630050585,0.108754355483535
0.00259807621135332,0.1075
0.00649908022603834,0.109611524622673
0.00259807621135332,0.1085
0.0196391002204332,0.0102821351209131
0.0267425434220677,0.0285374017201595
0.00259807621135332,0.1095
0.00259807621135332,0.1115
0.00259807621135332,0.1105
0.00259807621135332,0.0045
0.0105278320765209,0.100274532753415
0.00259807621135332,0.1125
0.0234527505454084,0.0170659760016413
0.0110387269825599,0.00463554563971668
0.00259807621135332,0.1135
0.0112111278480607,0.0978329089064311
0.00514868963698852,0.114040007797183
0.0246706395735691,0.0613754146871411
0.0240342890830341,0.0182607850727643
0.00454614503334556,0.00248102185839494
0.00596741431983433,0.112862272323009
0.0264888999081114,0.0565962603173148
0.0110408971629447,0.0989682910211644
0.00653283562566261,0.111794759867317
0.0258027573259236,0.0244719669681175
0.00259807621135332,0.1145
0.0248897750689211,0.0211859270904979
0.00259807621135332,0.0035
0.0278320284588483,0.0498244389384694
0.0187368306247817,0.00919716887875382
0.013273784334929,0.0897573982791773
0.00406851280498049,0.1150136822864
0.0017339653752754,0.117053075904751
0.0161486115589335,0.0821710642325927
0.0211885149636501,0.0125845758337652
0.0175796938900941,0.0770713833132335
0.00851016445159279,0.106955813243434
0.021818956272421,0.0666608585100103
0.0256852302515846,0.0589227147406977
0.0277863347506561,0.0341967476300503
0.0150270204948031,0.0855404260991799
0.0279988976992222,0.0362167907550854
0.0282112214148095,0.0429931305422302
0.015060069915345,0.00655574044063557
0.0166928943563793,0.00761399672194105
0.0185739608042746,0.0740628969384217
0.00618608461340339,0.0020243729341788
0.00914980138606656,0.105032702140355
0.0189906981528045,0.073037522582452
0.0273614107250045,0.052493904779194
0.0281573696837414,0.0459810905094695
0.0270671957054632,0.0295847107747309
0.00958952161720986,0.103972723507475
0.0212291948470375,0.0108371850179939
0.0287754800352381,0.0497299007374652
0.00247224308431674,0.1155
0.02642584332635,0.0265748262767924
0.0270568878448995,0.0581160248535593
0.019562774566395,0.00859485046014523
0.000962993374589289,0.000735844575317832
0.0264798028203155,0.0401358256717805
0.0256643551803679,0.0317489485296164
0.0264513402820574,0.0391547846633353
0.00346410161513775,0.042
0.00346410161513775,0.037
0.00346410161513775,0.046
0.00346410161513775,0.043
0.00346410161513775,0.041
0.00346410161513775,0.04
0.00346410161513775,0.047
0.00346410161513775,0.045
0.00346410161513775,0.044
0.00346410161513775,0.038
0.00346410161513775,0.039
0.00346410161513775,0.036
0.00346410161513775,0.048
0.00346410161513775,0.035
0.00346410161513775,0.049
0.00346410161513775,0.034
0.00346410161513775,0.05
0.00346410161513775,0.033
0.00346410161513775,0.051
0.00346410161513775,0.03
0.00346410161513775,0.032
0.00346410161513775,0.031
0.00346410161513775,0.052
0.00346410161513775,0.053
0.00346410161513775,0.054
0.00346410161513775,0.029
0.00346410161513775,0.055
0.00346410161513775,0.028
0.00346410161513775,0.056
0.00346410161513775,0.027
0.00346410161513775,0.026
0.00346410161513775,0.025
0.00346410161513775,0.057
0.00346410161513775,0.024
0.00346410161513775,0.023
0.00346410161513775,0.022
0.00346410161513775,0.058
0.00346410161513775,0.059
0.00346410161513775,0.021
0.00346410161513775,0.06
0.0217169420621245,0.0630532831042829
0.00346410161513775,0.02
0.00346410161513775,0.061
0.0212271874085929,0.0640247585017438
0.00346410161513775,0.019
0.00346410161513775,0.0619999999999999
0.0205969785094733,0.0151817200092732
0.00346410161513775,0.018
0.00346410161513775,0.0629999999999999
0.00346410161513775,0.017
0.00346410161513775,0.016
0.00346410161513775,0.0639999999999999
0.00346410161513775,0.0649999999999999
0.0190022913152003,0.0684769556020753
0.00346410161513775,0.0659999999999999
0.00346410161513775,0.015
0.00346410161513775,0.0669999999999999
0.00346410161513775,0.0679999999999999
0.018538770163929,0.0694780573265407
0.00346410161513775,0.069
0.0246931160017191,0.0590365824485103
0.0181021358879477,0.0705170963789913
0.00346410161513775,0.07
0.00346410161513775,0.071
0.00346410161513775,0.014
0.00346410161513775,0.072
0.00346410161513775,0.073
0.00346410161513775,0.074
0.00346410161513775,0.075
0.00346410161513775,0.013
0.0158380419051775,0.00812031515968219
0.00346410161513775,0.076
0.00346410161513775,0.077
0.00346410161513775,0.078
0.00346410161513775,0.012
0.00346410161513775,0.079
0.0153350511869713,0.0785908771741319
0.00346410161513775,0.08
0.0150356081069219,0.0796475135735633
0.00346410161513775,0.081
0.00346410161513775,0.082
0.00346410161513775,0.011
0.00346410161513775,0.083
0.00346410161513775,0.084
0.00346410161513775,0.01
0.0254564533185885,0.0265377464822442
0.0124011974182033,0.0871009287187104
0.00346410161513775,0.085
0.00346410161513775,0.086
0.00346410161513775,0.009
0.00346410161513775,0.087
0.00346410161513775,0.088
0.0178227143347587,0.009596203878877
0.00346410161513775,0.089
0.0270954031021921,0.0357789788728349
0.00346410161513775,0.09
0.00346410161513775,0.091
0.00346410161513775,0.008
0.0232983944887423,0.0189904044748331
0.00346410161513775,0.092
0.00346410161513775,0.093
0.00346410161513775,0.097
0.0107391345933444,0.0921774203145252
0.00346410161513775,0.098
0.00346410161513775,0.094
0.00346410161513775,0.096
0.00346410161513775,0.095
0.00346410161513775,0.099
0.0104537528560777,0.0933205431937848
0.00346410161513775,0.007
0.0102695600229805,0.0982721898972861
0.0101829950962757,0.094492389549566
0.00346410161513775,0.1
0.00346410161513775,0.006
0.00346410161513775,0.101
0.00346410161513775,0.104
0.00346410161513775,0.103
0.00817814662956317,0.105275675514652
0.00346410161513775,0.102
0.00346410161513775,0.105
0.00346410161513775,0.106
0.0149472411256344,0.00754297608886985
0.00346410161513775,0.005
0.00346410161513775,0.107
0.0179800347384297,0.073224137452517
0.0073085479902626,0.00327708188249352
0.0250828804572211,0.0252942924545972
0.00588111298931494,0.108847123805144
0.00346410161513775,0.108
0.00346410161513775,0.111
0.00346410161513775,0.109
0.00346410161513775,0.11
0.0260776760338642,0.0293174755604648
0.00856973528912779,0.104170872418692
0.00346410161513775,0.112
0.005484821545795,0.111923163576122
0.00346410161513775,0.004
0.0119785734334938,0.0908852892985965
0.0106105198831237,0.0962452867613933
0.00346410161513775,0.113
0.0231851044413757,0.0620673633878782
0.0220486960033102,0.0161505026413646
0.00933314152581796,0.101425860699817
0.0119378555252109,0.00597007070791136
0.0273927054198225,0.0415999174263572
0.0204732763579787,0.0675172479331577
0.00484696604732179,0.112956815471788
0.0272778246062354,0.0376402287931561
0.0262411612222158,0.053513860336644
0.0261878040876316,0.0577574459696836
0.00727404036853441,0.107850381197079
0.026811445390269,0.0330184385505575
0.0149889545210775,0.0829893176208815
0.0241159300592211,0.0221909828512804
0.00612669623357555,0.110536525877592
0.0138409001954212,0.0861117409590092
0.0137443402189914,0.00680504933206565
0.0258516876720176,0.0554580686514187
0.0126228924551522,0.0888066140340334
0.0279183294606057,0.0469367597618709
0.00346410161513775,0.114
0.0154213748167233,0.0813688834572183
0.026481644750465,0.0275726622331261
0.020687492553898,0.0116987429238005
0.016959021962344,0.0762099157353277
0.0272581526589588,0.0455081837704248
0.0165687647828321,0.0772989292284775
0.0212770970304313,0.0657915508436185
0.0175828594135325,0.0742892859829979
0.0273346981555722,0.0434875690440574
0.0206671429392064,0.0134388495203099
0.0268914467135019,0.0500798014207363
0.0244489602478265,0.0203249900083775
0.0101440502833914,0.0042409522697242
0.0103049833253561,0.101218968574612
0.0143893480033002,0.0848336324352036
0.0265945948653565,0.0519584336167119
0.0119275544332303,0.0049876446804042
0.0214636947526597,0.0675445033148217
0.01300575720554,0.0906776825924927
0.0243333726368854,0.0621494386021443
0.0082546678140224,0.107846684799678
0.0272185684525061,0.0533741967347114
0.0114243712488912,0.0969455247382969
0.0159773606330242,0.0830173967660214
0.0250649465661295,0.0606395189820707
0.0174277875911849,0.00797169777121959
0.0144052350863929,0.00605206741443917
0.0279329246523405,0.0489872912134313
0.0148189795473373,0.0863149393180043
0.00376928920873114,0.00227999386984096
0.0267591496143353,0.0558591797659393
0.00694524017179599,0.111141182492043
0.00244917798335388,0.002757899296052
0.0259327687034533,0.0503413592103472
0.00433012701892219,0.0445
0.00433012701892219,0.0465
0.00433012701892219,0.0455
0.00433012701892219,0.0475
0.00433012701892219,0.0435
0.00433012701892219,0.0485
0.00433012701892219,0.0495
0.00433012701892219,0.0425
0.0255999103973547,0.0396704202376695
0.00433012701892219,0.0365
0.00433012701892219,0.0505
0.00433012701892219,0.0375
0.00433012701892219,0.0415
0.0252814073037541,0.0537878795079529
0.00433012701892219,0.0405
0.00433012701892219,0.0385
0.00433012701892219,0.0395
0.00433012701892219,0.0515
0.00433012701892219,0.0355
0.00433012701892219,0.0525
0.0250715419052025,0.0548355040581693
0.00433012701892219,0.0535
0.00433012701892219,0.0345
0.00433012701892219,0.0295
0.00433012701892219,0.0335
0.0264211278478385,0.0449537043064747
0.00433012701892219,0.0305
0.00433012701892219,0.0325
0.00433012701892219,0.0315
0.00433012701892219,0.0545
0.00433012701892219,0.0285
0.00433012701892219,0.0275
0.00433012701892219,0.0265
0.00433012701892219,0.0555
0.00433012701892219,0.0255
0.0234043294064094,0.0228925791472985
0.00433012701892219,0.0245
0.00433012701892219,0.0235
0.00433012701892219,0.0565
0.00433012701892219,0.0225
0.00433012701892219,0.0575
0.0244402635774989,0.026165198417547
0.00433012701892219,0.0215
0.00433012701892219,0.0585
0.00433012701892219,0.0595
0.00433012701892219,0.0205
0.00433012701892219,0.0605
0.0206987513198815,0.0631491665206936
0.00433012701892219,0.0195
0.00433012701892219,0.0615
0.00433012701892219,0.0624999999999999
0.00433012701892219,0.0185
0.00433012701892219,0.0175
0.00433012701892219,0.0165
0.00433012701892219,0.0634999999999999
0.00433012701892219,0.0155
0.00433012701892219,0.0644999999999999
0.0257599731196283,0.0514368106459064
0.00433012701892219,0.0654999999999999
0.00433012701892219,0.0664999999999999
0.00433012701892219,0.0145
0.0179846557502519,0.0686136376676619
0.00433012701892219,0.0674999999999999
0.0149216325066406,0.0085583852706845
0.00433012701892219,0.0684999999999999
0.00433012701892219,0.0695
0.00433012701892219,0.0715
0.00433012701892219,0.0705
0.00433012701892219,0.0135
0.017522058372736,0.0696620683167526
0.00433012701892219,0.0725
0.016606548337132,0.0745242331550525
0.012944321032465,0.00740310355085429
0.00433012701892219,0.0735
0.00433012701892219,0.0125
0.00433012701892219,0.0745
0.00433012701892219,0.0755
0.0120006812233486,0.00696694205320866
0.00433012701892219,0.0765
0.00433012701892219,0.0115
0.0138929420752575,0.00791220519765856
0.00433012701892219,0.0775
0.014001354808835,0.0831318624034008
0.00433012701892219,0.0785
0.00433012701892219,0.0815
0.00433012701892219,0.0805
0.0169699987391505,0.0734541367738925
0.00433012701892219,0.0795
0.0143521164430108,0.0788830688044254
0.00433012701892219,0.0825
0.00433012701892219,0.0105
0.00433012701892219,0.0835
0.00433012701892219,0.0095
0.00433012701892219,0.0845
0.00433012701892219,0.0085
0.00433012701892219,0.0855
0.00433012701892219,0.0885
0.00433012701892219,0.0865
0.00433012701892219,0.0875
0.0136677373599524,0.0841584850795313
0.00939050543429238,0.00488995746332104
0.00433012701892219,0.0895
0.00433012701892219,0.0075
0.00433012701892219,0.0905
0.00433012701892219,0.0915
0.00433012701892219,0.0965
0.00433012701892219,0.0925
0.00433012701892219,0.0975
0.00433012701892219,0.0955
0.00433012701892219,0.0935
0.00433012701892219,0.0985
0.00433012701892219,0.0945
0.00975620671569792,0.0925392157686266
0.0159486353233704,0.0764622678769657
0.00433012701892219,0.0065
0.00433012701892219,0.0995
0.00947457880511535,0.0937115055825572
0.0270621713785935,0.0475544213310259
0.00433012701892219,0.1005
0.00836406889565998,0.101669977607705
0.00433012701892219,0.1015
0.00433012701892219,0.1025
0.00433012701892219,0.1035
0.00433012701892219,0.0055
0.00433012701892219,0.1045
0.0133192761237225,0.0851311812071468
0.00433012701892219,0.1055
0.00755767259598415,0.10443395414541
0.00433012701892219,0.1065
0.00433012701892219,0.0045
0.0241044423377433,0.0605984489134908
0.00433012701892219,0.1075
0.0177095117416364,0.0714418085600854
0.0255000504574993,0.0569594812791527
0.0254991690295071,0.030766782969744
0.0253537928729756,0.027664679423355
0.00433012701892219,0.1105
0.00433012701892219,0.1095
0.0170132699718665,0.00883493567010906
0.00433012701892219,0.1085
0.00558050042896647,0.00279195841963477
0.024649713254218,0.0241124356333327
0.0250904252505432,0.0581192714348863
0.00433012701892219,0.1115
0.0235051799454729,0.0200197665945377
0.0110125621275017,0.0911471453165845
0.0238985119346243,0.0211501501419028
0.0100750147699958,0.0992631649646209
0.00992107451463654,0.0955160678280669
0.01947479668227,0.0675493762507682
0.00394606041188426,0.00319843748928018
0.0221473433712035,0.0621081045019621
0.0155750090825279,0.0775849929574844
0.0147193647881259,0.0806222960859647
0.0122337258137457,0.0897712186448505
0.0186314951177445,0.0102024186901238
0.0103640325985281,0.097245952589109
0.0201226277386155,0.0142897760263873
0.0207459816071438,0.0649224530620018
0.0210403275708059,0.0160894511325757
0.0183480719601698,0.0722695326555427
0.0230479797420588,0.0180019144219893
0.00628936294994995,0.107945979718141
0.00825514424652573,0.00362717237409549
0.0265175324811293,0.0411289563283957
0.026431428364667,0.0381611370678772
0.0201928218915225,0.0125631303025137
0.0258773892200475,0.0327094453827259
0.012036139421578,0.0880156268017581
0.00553339862984683,0.10976022086579
0.0270298633440865,0.0348083845780013
0.0282902037284619,0.0420293912052093
0.0230156629806041,0.0162019033055398
0.0281533327346726,0.0371666090042717
0.00794116134217651,0.106195381455071
0.0238056557033126,0.0614590045379611
0.0273802982880661,0.0425442532432901
0.0277668225075645,0.0332425995601124
0.0208671083541536,0.0666506365398722
0.0272030489369241,0.0367079930270128
0.0088735835671284,0.103294179698334
0.0263149325646649,0.0302106658025297
0.00965843634848638,0.100567900004687
0.0112158344924269,0.00548637434031324
0.0202452842747306,0.0109297620498137
0.00417182227955513,0.1135
0.0265939456860811,0.0527761541512096
0.00776199738776583,0.107223316633735
0.027414154347923,0.0463029211152428
0.015304472859244,0.0822056013855461
0.00325928207207953,0.114968704774257
0.00593932367987655,0.111291671877592
0.00519615242270663,0.046
0.00519615242270663,0.044
0.00519615242270663,0.047
0.00519615242270663,0.045
0.00519615242270663,0.036
0.0249253931054333,0.0324167205554847
0.00519615242270663,0.048
0.00519615242270663,0.043
0.00519615242270663,0.035
0.00519615242270663,0.049
0.00519615242270663,0.037
0.00519615242270663,0.034
0.00519615242270663,0.05
0.00519615242270663,0.042
0.0247277312072076,0.0314015014893925
0.00519615242270663,0.033
0.00519615242270663,0.038
0.00519615242270663,0.041
0.00519615242270663,0.051
0.00519615242270663,0.039
0.00519615242270663,0.04
0.00519615242270663,0.032
0.00519615242270663,0.031
0.00519615242270663,0.052
0.00519615242270663,0.053
0.00519615242270663,0.03
0.00519615242270663,0.054
0.024990922597112,0.0507541472338343
0.00519615242270663,0.029
0.00519615242270663,0.055
0.02432731994414,0.0541415848671941
0.00519615242270663,0.028
0.00519615242270663,0.027
0.00519615242270663,0.026
0.00519615242270663,0.056
0.00519615242270663,0.025
0.00519615242270663,0.024
0.00519615242270663,0.023
0.00519615242270663,0.022
0.00519615242270663,0.057
0.00519615242270663,0.021
0.00519615242270663,0.058
0.00519615242270663,0.02
0.00519615242270663,0.059
0.020040483763615,0.0160156547449876
0.00519615242270663,0.019
0.00519615242270663,0.06
0.00519615242270663,0.018
0.00519615242270663,0.061
0.00519615242270663,0.062
0.00519615242270663,0.017
0.00519615242270663,0.0629999999999999
0.00519615242270663,0.016
0.00519615242270663,0.0639999999999999
0.00519615242270663,0.0649999999999999
0.00519615242270663,0.015
0.00519615242270663,0.0659999999999999
0.00519615242270663,0.0669999999999999
0.00519615242270663,0.0679999999999999
0.00519615242270663,0.014
0.00519615242270663,0.069
0.00519615242270663,0.07
0.00519615242270663,0.071
0.0169610301983991,0.0687882558783486
0.00519615242270663,0.072
0.00519615242270663,0.073
0.00519615242270663,0.013
0.00519615242270663,0.074
0.0159682550314254,0.0737106716817667
0.0139466305815934,0.00896864057991635
0.00519615242270663,0.075
0.00519615242270663,0.012
0.00519615242270663,0.076
0.0240970834143115,0.0582337289821309
0.00519615242270663,0.077
0.00519615242270663,0.08
0.00519615242270663,0.081
0.0225527245789303,0.019675651171469
0.00519615242270663,0.078
0.00519615242270663,0.079
0.00519615242270663,0.082
0.00519615242270663,0.011
0.0177076928248732,0.0105922840665824
0.00519615242270663,0.083
0.0130109181860751,0.0833775226904477
0.00519615242270663,0.084
0.00519615242270663,0.01
0.00519615242270663,0.085
0.0114143352430356,0.0872372666379811
0.00519615242270663,0.086
0.00519615242270663,0.009
0.0261985754915487,0.0353520275605618
0.00519615242270663,0.087
0.00519615242270663,0.088
0.00519615242270663,0.089
0.00519615242270663,0.008
0.00519615242270663,0.09
0.0149401033323659,0.0767501745748531
0.00519615242270663,0.097
0.00519615242270663,0.098
0.00519615242270663,0.007
0.00945441732856395,0.0976796830131103
0.00519615242270663,0.091
0.00519615242270663,0.099
0.0244786478206108,0.057250965682226
0.00519615242270663,0.096
0.00519615242270663,0.092
0.00519615242270663,0.095
0.00519615242270663,0.006
0.00519615242270663,0.093
0.00519615242270663,0.094
0.00748144092029827,0.00426438122459502
0.0168246811266089,0.00984642794047945
0.00877332604913133,0.0929230647197204
0.00904173028529128,0.0996521263382554
0.00519615242270663,0.1
0.0228839225497765,0.0208695656900617
0.0264924829039207,0.0429740960769979
0.0262889563927423,0.0363431662848862
0.00519615242270663,0.101
0.00519615242270663,0.102
0.00519615242270663,0.005
0.00519615242270663,0.103
0.00519615242270663,0.106
0.0231369325028644,0.0607446750340816
0.00519615242270663,0.105
0.00519615242270663,0.104
0.0214921742531722,0.0169844193561645
0.0261841601133432,0.0493750924976339
0.0264044824395197,0.0466941995807657
0.00699841602422715,0.106560646946198
0.0193099240368175,0.0111977567550069
0.0260724255094705,0.0336861466024098
0.0157533410673253,0.00912069192372522
0.00519615242270663,0.107
0.0256362693004125,0.0527713830060604
0.0249214345288581,0.055823694980071
0.00722102225867087,0.105519434000584
0.0240647160102729,0.0252155550964248
0.0145052291839403,0.0816674097028726
0.0110948412135061,0.00644771702812467
0.00994852556396054,0.0915455990158398
0.0183781899539739,0.0676869786888427
0.0270693706435594,0.0485606490181815
0.00790338652161375,0.103448925193802
0.00918737604182507,0.0946838341924606
0.0171086764420172,0.0706409911481467
0.00963650360389967,0.0964756475219824
0.020290520755681,0.065848092785094
0.0172827329493602,0.0724947278852102
0.0128442590343346,0.0861545959860558
0.00529638928057881,0.108039175565207
0.011597848910166,0.0889538698212295
0.00522444286815949,0.110713471078171
0.0112689915787977,0.0901803565387879
0.0102876247855497,0.00523574179355485
0.0236509823354768,0.0238864155759732
0.0201960236080253,0.064049828577192
0.0211241811543119,0.0622127763394093
0.0145892523606592,0.0778814001493116
0.0140290910030717,0.0798596645709457
0.0162401475227311,0.075480539135284
0.0255790708697925,0.0386752409499446
0.0256368028102435,0.0406651337896516
0.0196803012107315,0.0134070442347431
0.0264803741687036,0.043972924418893
0.00485030357725644,0.00334511543006477
0.0199490315321084,0.0667562103268459
0.00851659222768802,0.00453389650591054
0.0258362224157349,0.0284383067931823
0.00645810570557876,0.00298614180456773
0.0032049903436912,0.00295312234852482
0.0246971388854054,0.0270367175672512
0.00503256039127469,0.109
0.0255331330784425,0.0299402276699742
0.00424391373056687,0.112350674204281
0.024454898494769,0.0598386672771393
0.00417887255186084,0.114260847785644
0.00606217782649107,0.0455
0.00606217782649107,0.0445
0.00606217782649107,0.0435
0.00606217782649107,0.0465
0.00606217782649107,0.0425
0.00606217782649107,0.0365
0.0247529262191364,0.0401998745104865
0.00606217782649107,0.0415
0.00606217782649107,0.0375
0.0247236550449582,0.039190961602798
0.00606217782649107,0.0405
0.00606217782649107,0.0395
0.00606217782649107,0.0385
0.00606217782649107,0.0475
0.00606217782649107,0.0355
0.00606217782649107,0.0485
0.00606217782649107,0.0345
0.0237380073903608,0.0268458002730062
0.00606217782649107,0.0495
0.00606217782649107,0.0505
0.00606217782649107,0.0335
0.00606217782649107,0.0295
0.00606217782649107,0.0325
0.00606217782649107,0.0305
0.00606217782649107,0.0315
0.00606217782649107,0.0515
0.0239764988228423,0.0320746173035156
0.00606217782649107,0.0285
0.00606217782649107,0.0525
0.00606217782649107,0.0535
0.00606217782649107,0.0275
0.00606217782649107,0.0545
0.00606217782649107,0.0265
0.00606217782649107,0.0555
0.00606217782649107,0.0255
0.0226871296258506,0.0235981013676156
0.00606217782649107,0.0245
0.00606217782649107,0.0235
0.00606217782649107,0.0565
0.00606217782649107,0.0225
0.00606217782649107,0.0575
0.00606217782649107,0.0215
0.00606217782649107,0.0585
0.00606217782649107,0.0595
0.0201230016577928,0.0623227485843491
0.00606217782649107,0.0205
0.0230309584162063,0.0248083793464946
0.00606217782649107,0.0605
0.00606217782649107,0.0195
0.0218838124250186,0.0205041060729265
0.00606217782649107,0.0615
0.00606217782649107,0.0185
0.00606217782649107,0.0624999999999999
0.00606217782649107,0.0175
0.00606217782649107,0.0165
0.0255863013777151,0.0444110952451917
0.00606217782649107,0.0634999999999999
0.00606217782649107,0.0155
0.00606217782649107,0.0644999999999999
0.00606217782649107,0.0654999999999999
0.00606217782649107,0.0145
0.00606217782649107,0.0664999999999999
0.00606217782649107,0.0674999999999999
0.00606217782649107,0.0695
0.00606217782649107,0.0684999999999999
0.00606217782649107,0.0705
0.00606217782649107,0.0715
0.00606217782649107,0.0135
0.00606217782649107,0.0725
0.00606217782649107,0.0735
0.00606217782649107,0.0745
0.00606217782649107,0.0125
0.00606217782649107,0.0755
0.0234805536040117,0.0574289030581198
0.0167073557403465,0.0108809507815843
0.00606217782649107,0.0765
0.00606217782649107,0.0115
0.00606217782649107,0.0775
0.0136279530257324,0.0781827255103226
0.00606217782649107,0.0785
0.0139375227170227,0.0770592442043902
0.0253813189215325,0.0359262425623723
0.00606217782649107,0.0805
0.00606217782649107,0.0795
0.00606217782649107,0.0105
0.0111170908809914,0.00745867703713741
0.00606217782649107,0.0815
0.00606217782649107,0.0825
0.00606217782649107,0.0835
0.00606217782649107,0.0095
0.00606217782649107,0.0845
0.00606217782649107,0.0855
0.00606217782649107,0.0085
0.00606217782649107,0.0885
0.00606217782649107,0.0865
0.00606217782649107,0.0875
0.00606217782649107,0.0075
0.00606217782649107,0.0895
0.00862678263428566,0.00551393936150984
0.0105969416688476,0.0893428285561381
0.0191272051335334,0.0142363823881524
0.0121091497598799,0.00797113715971296
0.00606217782649107,0.0905
0.0244269201714079,0.0279765922847715
0.0122962337992248,0.0852782837683458
0.00606217782649107,0.0965
0.00606217782649107,0.0065
0.00606217782649107,0.0975
0.0193091689945251,0.0659973302158528
0.00606217782649107,0.0985
0.00606217782649107,0.0955
0.00606217782649107,0.0915
0.00952760076576098,0.00587092757165688
0.00606217782649107,0.0945
0.00868917158894449,0.0969481687091595
0.00606217782649107,0.0995
0.00606217782649107,0.0935
0.00606217782649107,0.0925
0.00606217782649107,0.1005
0.0215476258876362,0.0612989115590795
0.00606217782649107,0.1015
0.00606217782649107,0.1025
0.00606217782649107,0.0055
0.0260453435698935,0.047650313236339
0.00606217782649107,0.1035
0.0256736282374612,0.0416633060759162
0.0255579639443567,0.0376766126292692
0.0132976515043257,0.0824141367738551
0.0248005328668809,0.0517431461017374
0.0191963500267071,0.0125355465039407
0.00606217782649107,0.1045
0.0246508558574985,0.0303179494067764
0.0245033263636053,0.0531527121337042
0.0252203397760471,0.0496401728772937
0.0137321537874234,0.0808221350751542
0.00583220712164959,0.00373462394514685
0.0237438225499872,0.0591910617537021
0.0165127937407259,0.0696930537980466
0.0089485047170766,0.0957496303184786
0.0167163660568422,0.0715611381243505
0.00868601397371445,0.100689855095002
0.0241402844901985,0.0551995411546862
0.0117892480556571,0.0863112204036147
0.00900212079471625,0.0918778387041005
0.0152641930693168,0.0757248863800315
0.0173843013100268,0.0678117860266251
0.00850042605379756,0.0939523447515467
0.0163029801829299,0.072706037000375
0.0130548771121353,0.00848437795193529
0.0231521076625178,0.0219250888864559
0.0197383433333076,0.0649478879233408
0.0155741697752661,0.0746770304809011
0.0204751760104391,0.0169363288321505
0.022465420722112,0.0171944756727762
0.0223484949119346,0.0187050791928524
0.0196173081276434,0.0151306193109369
0.0251559405404515,0.0333613344906821
0.011081133248658,0.0881409985035651
0.00926138418538126,0.098668689557083
0.0265987197118832,0.0420617350794837
0.0264622527656868,0.0372365299160927
0.00816036178212494,0.102566348651859
0.0269361200884373,0.0339188234309709
0.0184477784078301,0.0110565210195093
0.0264465935065294,0.0458242750821569
0.0272279324788933,0.0493269769611807
0.0198692513940086,0.0118042192507885
0.0226402053491657,0.0614249870787039
0.0144074098360251,0.0824526633923685
0.0256030637591848,0.056191723653487
0.00692820323027551,0.046
0.00692820323027551,0.045
0.00692820323027551,0.047
0.00692820323027551,0.044
0.00692820323027551,0.048
0.00692820323027551,0.043
0.00692820323027551,0.049
0.0240453167342184,0.0510849361462603
0.00692820323027551,0.037
0.00692820323027551,0.05
0.00692820323027551,0.042
0.00692820323027551,0.036
0.00692820323027551,0.038
0.00692820323027551,0.041
0.00692820323027551,0.04
0.00692820323027551,0.051
0.00692820323027551,0.039
0.0238726294782156,0.0397205331267539
0.00692820323027551,0.052
0.0235626977592374,0.0534953923261988
0.00692820323027551,0.035
0.00692820323027551,0.053
0.00692820323027551,0.03
0.00692820323027551,0.034
0.00692820323027551,0.054
0.0242574069615844,0.0500224727230771
0.00692820323027551,0.031
0.00692820323027551,0.033
0.00692820323027551,0.029
0.00692820323027551,0.032
0.00692820323027551,0.055
0.023381001208611,0.0545197968350184
0.00692820323027551,0.028
0.00692820323027551,0.027
0.00692820323027551,0.026
0.00692820323027551,0.056
0.00692820323027551,0.025
0.00692820323027551,0.024
0.00692820323027551,0.023
0.00692820323027551,0.057
0.00692820323027551,0.022
0.00692820323027551,0.021
0.00692820323027551,0.058
0.0220259835319145,0.0244399051442062
0.00692820323027551,0.02
0.00692820323027551,0.059
0.0194747044291362,0.0168457410511825
0.00692820323027551,0.019
0.00692820323027551,0.06
0.00692820323027551,0.061
0.00692820323027551,0.018
0.00692820323027551,0.062
0.00692820323027551,0.017
0.00692820323027551,0.0629999999999999
0.00692820323027551,0.016
0.00692820323027551,0.0639999999999999
0.00692820323027551,0.015
0.00692820323027551,0.0649999999999999
0.00692820323027551,0.0659999999999999
0.0163780791116959,0.067955590890597
0.00692820323027551,0.0669999999999999
0.00692820323027551,0.014
0.00692820323027551,0.0679999999999999
0.00692820323027551,0.071
0.00692820323027551,0.069
0.00692820323027551,0.07
0.00692820323027551,0.072
0.015313996221648,0.0729346057358865
0.0130874695107863,0.00948755857940853
0.00692820323027551,0.013
0.00692820323027551,0.073
0.00692820323027551,0.074
0.00692820323027551,0.012
0.0121689355345737,0.00898891893644386
0.00692820323027551,0.075
0.018722170725348,0.0651447969516462
0.00692820323027551,0.076
0.00692820323027551,0.08
0.00692820323027551,0.077
0.00692820323027551,0.079
0.00692820323027551,0.078
0.00692820323027551,0.011
0.00692820323027551,0.081
0.0129478279548728,0.0773909295785166
0.0123242436633705,0.0826487839135945
0.00692820323027551,0.082
0.0112156607366009,0.00848433927816417
0.0233428818144211,0.0278617720382039
0.00692820323027551,0.083
0.00692820323027551,0.084
0.00692820323027551,0.01
0.01569511822406,0.0718394781920839
0.00692820323027551,0.085
0.0112653105117965,0.0854131738517597
0.0145887302348327,0.074955294380902
0.00692820323027551,0.086
0.00692820323027551,0.009
0.010435177668968,0.087389546507394
0.019195582616715,0.0641056253394089
0.00692820323027551,0.087
0.0130530852414666,0.0800855916580571
0.0254141944891616,0.0468677313873265
0.00692820323027551,0.088
0.00692820323027551,0.008
0.00692820323027551,0.089
0.00875813224170158,0.00649754281447061
0.0100357528786413,0.088418287382337
0.00692820323027551,0.09
0.00918846378354509,0.0908945825879536
0.00692820323027551,0.007
0.00692820323027551,0.091
0.0177733421298244,0.0668901054325124
0.00830635738655493,0.0989716297295931
0.00692820323027551,0.099
0.00692820323027551,0.098
0.00692820323027551,0.092
0.00692820323027551,0.096
0.00692820323027551,0.095
0.0209427693279346,0.0178254328870783
0.00804172880596155,0.0922152677229619
0.00692820323027551,0.1
0.00692820323027551,0.093
0.00692820323027551,0.006
0.00692820323027551,0.097
0.00797240033725611,0.0961657519665768
0.0252920723875867,0.0349305303305686
0.00692820323027551,0.094
0.0176175436505922,0.0115580396158894
0.00741772274922141,0.101926245788224
0.0247511530768395,0.0293329559199681
0.0216031429502057,0.0193686908140482
0.0102401503065621,0.00697225229907299
0.0237741958589283,0.0310930714515927
0.0238276047169765,0.0564873516953535
0.0103036959281356,0.0904417249720468
0.0220866287276687,0.0215002540517576
0.0082126110642954,0.0949109410189464
0.0141836874048556,0.0760771159398518
0.0159055092242249,0.0102660988861323
0.0254725937025881,0.0486726129209545
0.0148524338709526,0.00955698104691803
0.0241993370722761,0.0330943668779174
0.0221851577844649,0.0605712381882609
0.0231013276614585,0.0583579623286896
0.0232304595648549,0.0258177410286201
0.0205261473337078,0.0613806385576427
0.00623050537630218,0.105852068871276
0.0126674162216301,0.0843331071425437
0.0224382541399197,0.0226278101585225
0.0247058633733454,0.0381941597737811
0.024792955430407,0.0411960311709347
0.0187236645473375,0.0133681536277713
0.0197389587811258,0.0632040698431106
0.0256763999879204,0.0434636903211378
0.013424281556788,0.079117892770047
0.018828036243546,0.0668335351921027
0.00781417179261442,0.00510908865427555
0.00599829082638231,0.00461065553013153
0.0187645008707679,0.0118251680044623
0.0255317575571338,0.0367951589190519
0.00665827299057079,0.00378946317149501
0.023518973805113,0.0599985705640384
0.00510332068180369,0.00416078929179897
0.0258869334120606,0.0424412192102985
0.0136655137007423,0.0816592419404424
0.0249154564647723,0.0525034936614822
0.00779422863405995,0.0455
0.00779422863405995,0.0445
0.00779422863405995,0.0465
0.00779422863405995,0.0435
0.00779422863405995,0.0475
0.00779422863405995,0.0355
0.00779422863405995,0.0365
0.00779422863405995,0.0485
0.00779422863405995,0.0425
0.00779422863405995,0.0345
0.00779422863405995,0.0495
0.00779422863405995,0.0375
0.00779422863405995,0.0335
0.00779422863405995,0.0505
0.00779422863405995,0.0415
0.0230271502271956,0.0317586633019544
0.00779422863405995,0.0385
0.0232418575575135,0.0327693753414338
0.00779422863405995,0.0405
0.00779422863405995,0.0325
0.00779422863405995,0.0395
0.00779422863405995,0.0515
0.00779422863405995,0.0315
0.00779422863405995,0.0305
0.0233020922632024,0.0503841722179509
0.00779422863405995,0.0525
0.00779422863405995,0.0295
0.00779422863405995,0.0535
0.00779422863405995,0.0545
0.0226191331870862,0.053856350020023
0.00779422863405995,0.0285
0.00779422863405995,0.0555
0.00779422863405995,0.0275
0.00779422863405995,0.0265
0.00779422863405995,0.0565
0.00779422863405995,0.0255
0.00779422863405995,0.0235
0.00779422863405995,0.0245
0.00779422863405995,0.0225
0.00779422863405995,0.0575
0.00779422863405995,0.0215
0.00779422863405995,0.0585
0.0211366054798092,0.0211749585851215
0.0191370577111188,0.062417451050435
0.00779422863405995,0.0595
0.0195283832538146,0.0615109891444546
0.00779422863405995,0.0205
0.00779422863405995,0.0605
0.00779422863405995,0.0195
0.00779422863405995,0.0615
0.00779422863405995,0.0185
0.00779422863405995,0.0175
0.00779422863405995,0.0165
0.00779422863405995,0.0624999999999999
0.0181400921712996,0.0141672842980565
0.00779422863405995,0.0155
0.0181707796243362,0.0642661804435114
0.00779422863405995,0.0634999999999999
0.00779422863405995,0.0644999999999999
0.0157794597660835,0.0112607655168642
0.00779422863405995,0.0145
0.00779422863405995,0.0654999999999999
0.00779422863405995,0.0664999999999999
0.00779422863405995,0.0684999999999999
0.00779422863405995,0.0674999999999999
0.00779422863405995,0.0695
0.0224891385117487,0.0575661509206436
0.0209027577798998,0.0201442205712219
0.00779422863405995,0.0705
0.00779422863405995,0.0135
0.00779422863405995,0.0715
0.00779422863405995,0.0725
0.0146866472342869,0.0721023961303565
0.0166455511052723,0.011914344712986
0.00779422863405995,0.0735
0.00779422863405995,0.0125
0.0122150244251049,0.00999934575413914
0.0247692151199205,0.0438554033253801
0.00779422863405995,0.0745
0.0244741281196022,0.035505699108031
0.0135716514718566,0.0752221025816064
0.00779422863405995,0.0755
0.00779422863405995,0.0115
0.0112871552117437,0.00950204351222432
0.00779422863405995,0.0785
0.00779422863405995,0.0795
0.00779422863405995,0.0805
0.00779422863405995,0.0765
0.00779422863405995,0.0775
0.00779422863405995,0.0815
0.00779422863405995,0.0825
0.0214356840595018,0.0223218542222152
0.00779422863405995,0.0105
0.00779422863405995,0.0835
0.0148952545627775,0.0106298838107983
0.0186128127903796,0.0150997280153675
0.00779422863405995,0.0845
0.00779422863405995,0.0095
0.012430104001435,0.0792915820012142
0.00779422863405995,0.0855
0.00779422863405995,0.0085
0.0246032078012646,0.03650844092978
0.00779422863405995,0.0865
0.00779422863405995,0.0875
0.00942815571849645,0.087590466339653
0.00779422863405995,0.0885
0.00779422863405995,0.0895
0.0249334360604295,0.0427777985831481
0.0238394340914977,0.0297377230345943
0.0212150041801527,0.0603643787007867
0.0227333117091249,0.0270398809269006
0.00957602992256132,0.089329924433871
0.0128355395289061,0.0811719637084731
0.0239782449277435,0.0523639641086963
0.00779422863405995,0.0075
0.00779422863405995,0.0905
0.0227971114225659,0.0593625111643956
0.0244448451909937,0.0340620012298507
0.0161158807473081,0.070761412004315
0.023182999598826,0.0555049040489689
0.0245084532390761,0.0489379132126247
0.010258546058936,0.00797278717878233
0.0255272173336826,0.0454155105362563
0.00766453127822544,0.100962193584079
0.014846108379223,0.0739827271789753
0.010779252748433,0.0862986101230212
0.0222811195657548,0.0254809822209811
0.0199424844904773,0.017783988626717
0.00696962066484981,0.103
0.00782416689658722,0.0975
0.0167553791152385,0.0670033711055287
0.0238917762292696,0.0407333612510119
0.0238330239205816,0.0387082985654152
0.00686912271618507,0.00499506533080897
0.0116683104006079,0.0844862183172129
0.0179849123365419,0.012576568777408
0.0159708001160083,0.0688611233915148
0.00777486072498475,0.0065
0.0250814573157945,0.0477818830741499
0.018255629648212,0.0660217314307595
0.00811620436745742,0.0999147025325819
0.0078620535012785,0.0932322707781175
0.00609468415815612,0.106769657784012
0.0218250432709013,0.0178018314643622
0.0262419870902474,0.0345110233111898
0.010342662959147,0.00607388882702512
0.0262682908330773,0.0485782483342708
0.0250767937737785,0.028374648273642
0.00754282535029802,0.0955
0.00664974290625477,0.102
0.0065382076706625,0.105127248566297
0.0245844069758361,0.0565014567675605
0.00866025403784439,0.045
0.00866025403784439,0.044
0.00866025403784439,0.046
0.00866025403784439,0.043
0.00866025403784439,0.047
0.00866025403784439,0.037
0.00866025403784439,0.042
0.00866025403784439,0.036
0.00866025403784439,0.041
0.00866025403784439,0.04
0.00866025403784439,0.038
0.00866025403784439,0.039
0.0230163321544518,0.0402433158207635
0.00866025403784439,0.048
0.00866025403784439,0.035
0.00866025403784439,0.049
0.00866025403784439,0.034
0.00866025403784439,0.05
0.00866025403784439,0.03
0.00866025403784439,0.051
0.00866025403784439,0.033
0.00866025403784439,0.031
0.0222873817257423,0.0324439749685469
0.00866025403784439,0.032
0.00866025403784439,0.029
0.00866025403784439,0.052
0.00866025403784439,0.028
0.00866025403784439,0.055
0.00866025403784439,0.053
0.00866025403784439,0.054
0.00866025403784439,0.027
0.00866025403784439,0.026
0.00866025403784439,0.056
0.00866025403784439,0.025
0.0213124167117903,0.0251665800110519
0.00866025403784439,0.024
0.00866025403784439,0.023
0.00866025403784439,0.057
0.00866025403784439,0.022
0.0201751190980414,0.0208511988938571
0.00866025403784439,0.021
0.00866025403784439,0.058
0.0204481437198911,0.0219669338403753
0.00866025403784439,0.02
0.0189335543050433,0.0177012749300502
0.00866025403784439,0.059
0.0185376228619349,0.0616209712462819
0.00866025403784439,0.019
0.00866025403784439,0.06
0.00866025403784439,0.018
0.00866025403784439,0.061
0.00866025403784439,0.017
0.0176040211999318,0.0150251053347948
0.00866025403784439,0.062
0.00866025403784439,0.016
0.00866025403784439,0.0629999999999999
0.0156908437103974,0.0122788358425441
0.00866025403784439,0.0639999999999999
0.00866025403784439,0.015
0.00866025403784439,0.0649999999999999
0.00866025403784439,0.0659999999999999
0.0157616028720814,0.0671604641718106
0.0240190179131522,0.0479752928824907
0.00866025403784439,0.0669999999999999
0.00866025403784439,0.0679999999999999
0.00866025403784439,0.069
0.00866025403784439,0.014
0.00866025403784439,0.07
0.0236797298650966,0.0361176383162569
0.00866025403784439,0.071
0.0223425043502749,0.0279667249193267
0.00866025403784439,0.072
0.00866025403784439,0.073
0.00866025403784439,0.013
0.00866025403784439,0.074
0.00866025403784439,0.075
0.00866025403784439,0.076
0.0239951846591341,0.0431861298609275
0.0113419874227837,0.0105140000962049
0.00866025403784439,0.012
0.00866025403784439,0.077
0.00866025403784439,0.081
0.00866025403784439,0.078
0.00866025403784439,0.08
0.00866025403784439,0.079
0.00866025403784439,0.082
0.00866025403784439,0.083
0.00866025403784439,0.011
0.00866025403784439,0.084
0.0106725968911068,0.0846044066218343
0.02359363934295,0.0348014123926003
0.00866025403784439,0.01
0.00866025403784439,0.085
0.00866025403784439,0.086
0.0130894383627214,0.0104904383122574
0.0228245673940975,0.0307792590863602
0.00866025403784439,0.009
0.0199150787248068,0.0605870856206135
0.0230795956961112,0.0513646611021392
0.0239468275173553,0.0417351178120192
0.022781488490019,0.0528670108995759
0.0169313948050689,0.0130217744778553
0.0238299043960458,0.0377050353295655
0.00866025403784439,0.008
0.0204067761057268,0.0186699937856749
0.0120602548263067,0.08022316711692
0.0155161776023061,0.0697498217051577
0.0149724045690772,0.0711329232630294
0.0131734670717442,0.0761536916219145
0.0234731001900714,0.0493934051094273
0.0221101003932802,0.0584917671045889
0.0172573907503507,0.0660354342452437
0.0103875116827219,0.00905388074861149
0.0216754783564802,0.0234840897535862
0.0143087765841662,0.0730398120821342
0.0097622180978853,0.0866407201506063
0.0185491366846885,0.0633303141530928
0.00868868666707207,0.09
0.0138579644311902,0.0742415664442752
0.0246822377968791,0.0448618597568446
0.0227812207835006,0.056471213299475
0.0224311905724796,0.0548413419326451
0.00864552052147401,0.089
0.00864138033436767,0.087
0.0218735594387692,0.0596542090691189
0.019068077746541,0.0159607297771677
0.0120412646964639,0.083583560957042
0.0126536341046555,0.0783316316434347
0.00684473618898554,0.1011756247896
0.0237974150393397,0.0287451525996964
0.00859137642146253,0.0980245769597476
0.00826241468379458,0.0913079343544568
0.00678930200313948,0.104
0.0077223489121784,0.0942412357905569
0.0255475945601456,0.034223896690233
0.0066877716606594,0.107275773488102
0.0225426736042338,0.0262501462270205
0.0258127157525556,0.0462295720011568
0.0249413040406756,0.0419799778884279
0.0126686365185152,0.0819410985476952
0.00952627944162883,0.0455
0.00952627944162883,0.0445
0.00952627944162883,0.0465
0.00952627944162883,0.0435
0.00952627944162883,0.0475
0.00952627944162883,0.0375
0.00952627944162883,0.0485
0.00952627944162883,0.0365
0.0225341895733239,0.049741489362669
0.00952627944162883,0.0425
0.00952627944162883,0.0495
0.00952627944162883,0.0385
0.00952627944162883,0.0505
0.00952627944162883,0.0415
0.00952627944162883,0.0395
0.00952627944162883,0.0405
0.00952627944162883,0.0355
0.00952627944162883,0.0515
0.0218457162680456,0.0532214373848902
0.00952627944162883,0.0525
0.00952627944162883,0.0345
0.00952627944162883,0.0305
0.00952627944162883,0.0535
0.00952627944162883,0.0295
0.00952627944162883,0.0545
0.00952627944162883,0.0335
0.00952627944162883,0.0315
0.00952627944162883,0.0325
0.00952627944162883,0.0555
0.00952627944162883,0.0285
0.00952627944162883,0.0275
0.00952627944162883,0.0265
0.00952627944162883,0.0255
0.00952627944162883,0.0565
0.00952627944162883,0.0245
0.00952627944162883,0.0235
0.00952627944162883,0.0225
0.00952627944162883,0.0575
0.00952627944162883,0.0215
0.0194704255481826,0.0216149126684755
0.00952627944162883,0.0205
0.00952627944162883,0.0585
0.00952627944162883,0.0195
0.00952627944162883,0.0595
0.00952627944162883,0.0185
0.00952627944162883,0.0605
0.00952627944162883,0.0615
0.00952627944162883,0.0624999999999999
0.00952627944162883,0.0175
0.00952627944162883,0.0165
0.0214981867019636,0.0577007737808574
0.00952627944162883,0.0634999999999999
0.00952627944162883,0.0155
0.00952627944162883,0.0644999999999999
0.0227725057444127,0.0355160487885251
0.00952627944162883,0.0145
0.00952627944162883,0.0654999999999999
0.00952627944162883,0.0664999999999999
0.00952627944162883,0.0674999999999999
0.00952627944162883,0.0684999999999999
0.0175570656726514,0.0634736496048859
0.00952627944162883,0.0695
0.00952627944162883,0.0705
0.0139988345530368,0.071372808959945
0.00952627944162883,0.0715
0.00952627944162883,0.0135
0.00952627944162883,0.0725
0.0229654429409657,0.0382093597347265
0.00952627944162883,0.0735
0.0128834972689299,0.0744890948396159
0.00952627944162883,0.0745
0.013272519879289,0.0733365161900361
0.00952627944162883,0.0755
0.014972490107272,0.0689110604230263
0.00952627944162883,0.0765
0.0119741832881813,0.0776027872244369
0.0158661660264646,0.0133932833711748
0.00952627944162883,0.0775
0.00952627944162883,0.0125
0.012208674532236,0.0766169335120639
0.0116984088015538,0.0786152021274875
0.00952627944162883,0.0785
0.00952627944162883,0.0815
0.0117177287917431,0.081915983828687
0.0113538761834474,0.0828652515972673
0.00952627944162883,0.0825
0.0209092682617295,0.0594204324460748
0.00952627944162883,0.0795
0.00952627944162883,0.0805
0.0217961478058394,0.026848230818144
0.00952627944162883,0.0115
0.0224851674485207,0.0334263741679015
0.00952627944162883,0.0105
0.0229531741357793,0.0292780669586697
0.00952627944162883,0.0835
0.0246300968152071,0.0458630646403826
0.0199354475444729,0.0198765827404853
0.0161232714136435,0.0662265138362581
0.00952627944162883,0.0855
0.020649008338344,0.0229593825821271
0.0238629169244005,0.0442840680913537
0.0171376427648346,0.0141372436284296
0.00952627944162883,0.0845
0.0184844538170002,0.0167648010814687
0.0148723885346569,0.0116947030463048
0.0243927687640613,0.0470135795653462
0.0194075466179627,0.0186289646228094
0.0230545812242845,0.0412817600443989
0.023431711682119,0.0337829765830207
0.0220533649339029,0.0314494303800126
0.0122225588184355,0.0110099447353788
0.0104503218444395,0.0100548506012552
0.0139516602128016,0.0099873038006115
0.0229963637872599,0.0392479265485676
0.0189392635596336,0.0607215393229995
0.00950912605382414,0.0095
0.0177449643928631,0.0651874802245775
0.00946814480794833,0.0085
0.0210947997647022,0.0242392034797735
0.00945090068303871,0.00748719992927995
0.00862219975580325,0.0880650076796706
0.0182280493134414,0.0624777667082811
0.0214033707352176,0.0185412562993655
0.022327899669073,0.0557160464499768
0.0247727792101514,0.0373440996452147
0.00771190936180055,0.0983515935464735
0.0179102308215447,0.0133867811458678
0.00949035023577333,0.0901390307405238
0.00757881609506109,0.0916221711106433
0.0242336118601358,0.0424518721072559
0.0234767241146679,0.0303995086759478
0.0237857521223625,0.0486996292751885
0.0231916179085408,0.0521676405686502
0.0172661280540503,0.0123447698798814
0.0153996572853437,0.0705024554531389
0.0103923048454133,0.045
0.0103923048454133,0.046
0.0103923048454133,0.044
0.0103923048454133,0.043
0.0103923048454133,0.047
0.0103923048454133,0.042
0.0103923048454133,0.041
0.022140496775344,0.0397629909063297
0.0103923048454133,0.04
0.0103923048454133,0.039
0.0103923048454133,0.038
0.0103923048454133,0.037
0.0221700181454632,0.0407944146752587
0.0103923048454133,0.036
0.0103923048454133,0.048
0.0221152615314417,0.0387544155596534
0.0103923048454133,0.035
0.0103923048454133,0.049
0.0103923048454133,0.05
0.021537284532697,0.0331061011240055
0.0103923048454133,0.034
0.0103923048454133,0.051
0.0103923048454133,0.033
0.0103923048454133,0.03
0.0103923048454133,0.029
0.0103923048454133,0.055
0.0103923048454133,0.032
0.0103923048454133,0.031
0.0103923048454133,0.052
0.0103923048454133,0.028
0.0103923048454133,0.054
0.0103923048454133,0.053
0.020360484947296,0.0249007379388489
0.0103923048454133,0.027
0.0103923048454133,0.026
0.0103923048454133,0.056
0.0103923048454133,0.025
0.0103923048454133,0.057
0.0103923048454133,0.024
0.0103923048454133,0.058
0.0103923048454133,0.023
0.0103923048454133,0.021
0.0103923048454133,0.02
0.0103923048454133,0.022
0.0103923048454133,0.059
0.0179476781492039,0.0608181396982049
0.0103923048454133,0.019
0.0179281298571529,0.0176075182825861
0.0103923048454133,0.06
0.0103923048454133,0.018
0.017568345731205,0.061755080922485
0.018399357445901,0.0185591519231979
0.0103923048454133,0.061
0.0103923048454133,0.017
0.0103923048454133,0.062
0.0103923048454133,0.0629999999999999
0.0212911753991143,0.027787585117891
0.0103923048454133,0.016
0.0103923048454133,0.0639999999999999
0.0200540720837707,0.023884162953059
0.0103923048454133,0.0649999999999999
0.0233986831019343,0.0471807299380216
0.0103923048454133,0.015
0.015134850059524,0.0663807541277814
0.0103923048454133,0.0659999999999999
0.0103923048454133,0.0669999999999999
0.0215194954175146,0.0551771338254224
0.0103923048454133,0.014
0.0103923048454133,0.0679999999999999
0.0103923048454133,0.069
0.0230692420417177,0.0436315185082038
0.0103923048454133,0.07
0.0103923048454133,0.071
0.0166041441426296,0.0149839023753245
0.0103923048454133,0.072
0.0103923048454133,0.013
0.0188739303821365,0.0195902456960671
0.0103923048454133,0.073
0.0193089617619494,0.0597963925790333
0.0103923048454133,0.075
0.0103923048454133,0.074
0.0122574620829943,0.0736358516271143
0.0218709109080665,0.0304606527367492
0.01135728880093,0.0115165506609239
0.0103923048454133,0.012
0.0131011734475286,0.0114930369631522
0.0103923048454133,0.076
0.0146020876708146,0.0699936417881335
0.0147785217463203,0.0126916779836187
0.0222395064827843,0.0520792376112734
0.0112489086248922,0.0769094618432303
0.0227475119199174,0.0365386027968757
0.0103923048454133,0.081
0.0103923048454133,0.08
0.0232861672529944,0.0424152086220186
0.0167504147213068,0.0651797685246003
0.0103923048454133,0.078
0.0218120454547781,0.0565393560396428
0.0103923048454133,0.079
0.0103923048454133,0.082
0.0123162216669752,0.0756046153619356
0.0135420860906498,0.0723200461073466
0.0225894364789184,0.0344766291458839
0.0216972073974895,0.0541908670851539
0.0180469332324411,0.0158935889446858
0.0223908358824599,0.0506928755348554
0.0154218180231445,0.068060451551824
0.0110772270013001,0.083759896097502
0.0212038620182064,0.0585606491871113
0.0115691535676008,0.0794889851254092
0.0228207396326169,0.0300228262460136
0.0103944583235942,0.0854298152522527
0.0215770132004072,0.0260008668019449
0.00926018888560468,0.0885168818228162
0.00950688999435354,0.00671070645943624
0.0119720599460552,0.0810863835533108
0.00762425863886374,0.0993248040592449
0.0205789678872677,0.0194326086432426
0.0204964918710939,0.0600756128206
0.0229044500889186,0.0285028966127223
0.0112583302491977,0.0465
0.0112583302491977,0.0455
0.0112583302491977,0.0445
0.0112583302491977,0.0475
0.0112583302491977,0.0435
0.02160615418323,0.0500881474031948
0.0112583302491977,0.0485
0.0112583302491977,0.0365
0.0112583302491977,0.0495
0.0112583302491977,0.0425
0.0112583302491977,0.0505
0.0112583302491977,0.0375
0.0112583302491977,0.0415
0.0112583302491977,0.0405
0.0112583302491977,0.0395
0.0112583302491977,0.0385
0.0112583302491977,0.0515
0.0212621247033165,0.0392803650005324
0.0112583302491977,0.0355
0.0212895865700138,0.0403034799886119
0.0209154228494595,0.0535750139146998
0.0112583302491977,0.0525
0.0112583302491977,0.0305
0.0112583302491977,0.0315
0.0112583302491977,0.0535
0.0112583302491977,0.0345
0.0112583302491977,0.0325
0.0112583302491977,0.0545
0.0112583302491977,0.0295
0.0112583302491977,0.0335
0.0112583302491977,0.0555
0.0112583302491977,0.0285
0.0112583302491977,0.0275
0.0212238785027439,0.0523680672672606
0.0112583302491977,0.0265
0.0112583302491977,0.0565
0.0112583302491977,0.0255
0.0193781006730369,0.0246423786466696
0.0112583302491977,0.0245
0.0112583302491977,0.0235
0.0112583302491977,0.0225
0.0112583302491977,0.0575
0.0112583302491977,0.0215
0.0112583302491977,0.0205
0.0112583302491977,0.0585
0.0178499462752725,0.0194367855743604
0.0112583302491977,0.0195
0.0112583302491977,0.0595
0.0112583302491977,0.0185
0.0169552805542365,0.0609616144303987
0.0218942420108105,0.0360061642464055
0.0112583302491977,0.0605
0.0112583302491977,0.0624999999999999
0.0112583302491977,0.0175
0.0112583302491977,0.0615
0.0112583302491977,0.0165
0.0112583302491977,0.0634999999999999
0.0112583302491977,0.0155
0.02111049020591,0.0311121917076267
0.0112583302491977,0.0644999999999999
0.0112583302491977,0.0145
0.0205316680774537,0.0578502559935539
0.0112583302491977,0.0674999999999999
0.0208190799787818,0.0568941365141069
0.0112583302491977,0.0654999999999999
0.0148528957747984,0.013770229583628
0.0112583302491977,0.0664999999999999
0.0112583302491977,0.0684999999999999
0.0112583302491977,0.0695
0.0139678974252741,0.0691719984185905
0.0144314014101943,0.0680812527472168
0.0112583302491977,0.0135
0.0229160759237035,0.0446267447813498
0.0112583302491977,0.0705
0.0223251322657094,0.0428713098441656
0.0129903862066085,0.0714702834459073
0.0112583302491977,0.0715
0.0208481379821699,0.0266413762507833
0.0216713712834098,0.0287308756338862
0.0228398719254656,0.0486907024698712
0.0112583302491977,0.0725
0.0154955359121685,0.065447963998168
0.0220729464992856,0.0377528253198845
0.0112583302491977,0.0745
0.0196232140106079,0.0229532208006364
0.0125702137696744,0.0726062864513747
0.0237491287199892,0.0453152252313666
0.0191863004860637,0.020645770841257
0.013928162721925,0.0121087089955404
0.0112921359273597,0.0755
0.0122362529719994,0.0120255665393206
0.0103973348398189,0.0830595582692929
0.011262812468058,0.0735
0.0174946890509556,0.0167163915566252
0.013954006468878,0.0109816868322996
0.0112463950235507,0.0125
0.0112079370171204,0.0805721994066911
0.0213512749697287,0.0321394368891555
0.010377229971305,0.0110261104478733
0.0183641146996456,0.0599552629094915
0.0217533910786363,0.0340293281177231
0.0172284305083135,0.0643620225531512
0.010317409792648,0.077
0.0173542164692198,0.0626129968163392
0.0162613075337967,0.0141764592729469
0.0230432165512945,0.0373496232958564
0.0111639082834942,0.077724389898685
0.00873576252457142,0.00725050228095784
0.0143506728160497,0.0707051881699068
0.0121243556529821,0.046
0.0121243556529821,0.045
0.0121243556529821,0.047
0.0121243556529821,0.044
0.0208021056221343,0.0337650961920793
0.0121243556529821,0.048
0.0121243556529821,0.043
0.0121243556529821,0.036
0.0121243556529821,0.035
0.0121243556529821,0.037
0.0121243556529821,0.049
0.0205938555965655,0.0327864111686061
0.0121243556529821,0.034
0.0121243556529821,0.05
0.0121243556529821,0.042
0.0121243556529821,0.029
0.0121243556529821,0.038
0.0121243556529821,0.033
0.0121243556529821,0.051
0.0121243556529821,0.041
0.0121243556529821,0.04
0.0121243556529821,0.039
0.0121243556529821,0.03
0.0121243556529821,0.032
0.0204101420337054,0.0398151594834145
0.0121243556529821,0.052
0.0121243556529821,0.055
0.0121243556529821,0.031
0.0203877105379764,0.0318234525901355
0.0121243556529821,0.053
0.0121243556529821,0.054
0.0121243556529821,0.028
0.0121243556529821,0.056
0.0202618734087704,0.0275267084369931
0.020230593180876,0.0527571052401036
0.0121243556529821,0.027
0.0121243556529821,0.023
0.0121243556529821,0.026
0.0121243556529821,0.057
0.0121243556529821,0.024
0.0121243556529821,0.025
0.0198460097882039,0.0571228872937985
0.0121243556529821,0.022
0.0121243556529821,0.058
0.0121243556529821,0.021
0.0186863835713095,0.0223822987650497
0.0121243556529821,0.02
0.0121243556529821,0.019
0.0121243556529821,0.018
0.0121243556529821,0.059
0.0121243556529821,0.017
0.0121243556529821,0.062
0.0121243556529821,0.06
0.0169326214174308,0.017540754594912
0.0121243556529821,0.061
0.0121243556529821,0.0629999999999999
0.0121243556529821,0.016
0.0121243556529821,0.0639999999999999
0.0121243556529821,0.0649999999999999
0.0145074504597327,0.0656020258890921
0.0186929371113303,0.0590217910246257
0.0121243556529821,0.015
0.0121243556529821,0.0659999999999999
0.0121243556529821,0.014
0.0121243556529821,0.0669999999999999
0.0166127119588148,0.0632419950806379
0.0213080381229562,0.041305330125406
0.0121243556529821,0.0679999999999999
0.0121243556529821,0.07
0.0134026029109277,0.06828792679934
0.0209272234447994,0.030128779808684
0.0156355798210234,0.0149186453381966
0.0227809008847812,0.0456385368952329
0.0196490250264478,0.0256091035771801
0.0162417653092989,0.0643338502854801
0.0121243556529821,0.069
0.0138636570698411,0.0131144822546337
0.0217671289669933,0.0491035446967318
0.0214698513779176,0.0510764676528336
0.022136711014834,0.0439974005691418
0.0166210325211054,0.0619743192344022
0.0136637910869516,0.0700622980882688
0.0173759517206898,0.0600102889513466
0.0173905985944417,0.0185384409449829
0.0221943957411492,0.0417966098010389
0.0220965141375022,0.0295098885801512
0.0217598077784834,0.0350223068506303
0.0121160347437853,0.071
0.0212400807577459,0.0382897010845009
0.0200444606219544,0.0593332055655881
0.0170784698015977,0.0158403083559647
0.0182361316436776,0.0203529783214941
0.0120898769242985,0.012990004077991
0.0207912579685398,0.0545367712251683
0.023758843132444,0.046283078017996
0.0191343621856786,0.023744646711062
0.0148440968558821,0.0672562254825167
0.0210556419637563,0.0559892757625029
0.0130656539199255,0.0124040023709841
0.0219392070826868,0.0368840361260833
0.0119590866821129,0.072
0.0237130710301827,0.0369152861821403
0.0102586945979402,0.0838869033001749
0.0111104548606033,0.0813777733491937
0.0232084232278135,0.0479687072818172
0.0120704761523366,0.0744293320542675
0.0118380594773369,0.0729974115718627
0.0115612938127773,0.0762136487005703
0.0109547329230239,0.0785
0.0129903810567666,0.0465
0.0129903810567666,0.0455
0.0129903810567666,0.0445
0.0129903810567666,0.0475
0.0129903810567666,0.0435
0.0129903810567666,0.0485
0.0208319634770917,0.0494561129158648
0.0129903810567666,0.0365
0.0129903810567666,0.0495
0.0129903810567666,0.0425
0.0129903810567666,0.0355
0.0129903810567666,0.0375
0.0129903810567666,0.0345
0.0129903810567666,0.0505
0.0198509194046057,0.0334559960599801
0.0129903810567666,0.0415
0.0129903810567666,0.0295
0.0129903810567666,0.0335
0.0129903810567666,0.0385
0.0129903810567666,0.0545
0.0129903810567666,0.0305
0.0129903810567666,0.0405
0.0129903810567666,0.0325
0.0129903810567666,0.0515
0.0129903810567666,0.0395
0.0129903810567666,0.0315
0.0129903810567666,0.0285
0.0129903810567666,0.0535
0.0129903810567666,0.0525
0.0129903810567666,0.0555
0.0129903810567666,0.0275
0.0129903810567666,0.0265
0.0129903810567666,0.0565
0.0184204626269849,0.0244204278810455
0.01867966562811,0.0253594405422919
0.0129903810567666,0.0255
0.0129903810567666,0.0245
0.0129903810567666,0.0235
0.0129903810567666,0.0225
0.0129903810567666,0.0575
0.0129903810567666,0.0215
0.0206800976929165,0.0504639907474138
0.0172450102109636,0.0202312598849999
0.0129903810567666,0.0205
0.0180876839511186,0.0233339961728518
0.0129903810567666,0.0585
0.0129903810567666,0.0195
0.0129903810567666,0.0595
0.0163735722236942,0.0601357140020646
0.0210518329402875,0.036489400401515
0.0163745473471822,0.0184008904092235
0.0129903810567666,0.0185
0.0129903810567666,0.0605
0.0129903810567666,0.0175
0.0159657674042547,0.0611965333907636
0.0129903810567666,0.0624999999999999
0.0129903810567666,0.0615
0.0224617195219037,0.0473714549447857
0.0129903810567666,0.0165
0.0129903810567666,0.0634999999999999
0.0156072443770783,0.0635093380127661
0.021376770573608,0.0432914358051812
0.0129903810567666,0.0155
0.0129903810567666,0.0644999999999999
0.0148680748718234,0.0646693083459464
0.0129903810567666,0.0145
0.0129903810567666,0.0664999999999999
0.0199944431962578,0.0539450071428294
0.0129903810567666,0.0654999999999999
0.020411402533442,0.0517562058711545
0.013863220749741,0.0672813042384461
0.0206780372772746,0.0285829769210593
0.019558664681413,0.0580806090270559
0.0201674889666213,0.0307791450444132
0.0184561858336765,0.0213269974309737
0.0160596449006174,0.0158450336561216
0.0219596659948806,0.0450138945047986
0.0203696751612734,0.0388046462948484
0.020427234935606,0.0408204573148764
0.0130218740806554,0.0693459459032334
0.019834128033367,0.0266066791104837
0.0201509689065368,0.0562361159770878
0.0129085328460495,0.0674999999999999
0.021275913214458,0.0374308304298902
0.0206327453066946,0.0257630911381721
0.0129121351153773,0.0705678286654431
0.0178287850821217,0.0592420380595469
0.0229325438985018,0.0464726249319486
0.0213082225049226,0.0294345788511328
0.0211019700224275,0.0345300477463878
0.0207744585378051,0.0552901428232875
0.0155004275182238,0.0141698355311686
0.013856406460551,0.046
0.013856406460551,0.045
0.013856406460551,0.047
0.013856406460551,0.044
0.013856406460551,0.048
0.013856406460551,0.043
0.013856406460551,0.049
0.013856406460551,0.037
0.013856406460551,0.036
0.0198996720403422,0.0498310167860719
0.013856406460551,0.05
0.013856406460551,0.042
0.013856406460551,0.029
0.013856406460551,0.051
0.013856406460551,0.038
0.013856406460551,0.041
0.0191795380637834,0.0563978657089152
0.013856406460551,0.04
0.0195527882359831,0.040332531148507
0.013856406460551,0.039
0.0192627000157046,0.0274318003364769
0.019468766382781,0.0521027025950228
0.013856406460551,0.052
0.013856406460551,0.03
0.013856406460551,0.035
0.013856406460551,0.031
0.013856406460551,0.032
0.013856406460551,0.055
0.013856406460551,0.053
0.013856406460551,0.054
0.013856406460551,0.056
0.013856406460551,0.028
0.013856406460551,0.034
0.013856406460551,0.033
0.0196978606173097,0.0509337934517386
0.0192631142904734,0.0531821982100042
0.013856406460551,0.027
0.013856406460551,0.057
0.013856406460551,0.026
0.0177152596523165,0.0251203718130588
0.013856406460551,0.025
0.0196642131542275,0.0283723005899307
0.013856406460551,0.024
0.019430210918507,0.0314799945485182
0.013856406460551,0.023
0.0174260219888484,0.0241308476794732
0.013856406460551,0.022
0.013856406460551,0.058
0.0188728421542209,0.0573528748768448
0.013856406460551,0.021
0.013856406460551,0.02
0.0180469742446772,0.058292717059654
0.013856406460551,0.059
0.0209940357633289,0.0484694811280659
0.013856406460551,0.017
0.013856406460551,0.019
0.013856406460551,0.018
0.013856406460551,0.06
0.0203213841235945,0.0371606456198157
0.013856406460551,0.062
0.0153613170838514,0.0603553732117764
0.013856406460551,0.016
0.0150601687209959,0.0157423010264516
0.0204499976226084,0.0418215621217721
0.013856406460551,0.061
0.0159270797254194,0.0174994511160872
0.0220046643732875,0.0462104909951174
0.013856406460551,0.0629999999999999
0.0177251559137704,0.0220392180654899
0.013856406460551,0.015
0.019984171657515,0.0297960694529776
0.015631088098571,0.0621434074902767
0.0197396212787587,0.0552865401448744
0.0201457496163164,0.0344636405202198
0.0168563026716694,0.0591864068376032
0.013856406460551,0.0639999999999999
0.0208856391141169,0.0355048299386402
0.0211950074535771,0.0443570470869831
0.0167651124592021,0.0193373169637088
0.0213368431411923,0.0422985754200032
0.0129768211177855,0.0135234865032628
0.0165408773451661,0.0166698593071854
0.0189666978113147,0.0262516723168217
0.0142374525631109,0.06646165894566
0.0220378244761095,0.0482067823157699
0.0204153431311861,0.058633546882043
0.0154941613464119,0.0642527741276225
0.0147224318643355,0.0465
0.0147224318643355,0.0455
0.0147224318643355,0.0445
0.0147224318643355,0.0435
0.0147224318643355,0.0475
0.0147224318643355,0.0365
0.0147224318643355,0.0425
0.0147224318643355,0.0375
0.0147224318643355,0.0355
0.0147224318643355,0.0485
0.0147224318643355,0.0385
0.0147224318643355,0.0345
0.0191671574977198,0.0342030152750536
0.0147224318643355,0.0495
0.0147224318643355,0.0295
0.0147224318643355,0.0335
0.0147224318643355,0.0415
0.0147224318643355,0.0505
0.0147224318643355,0.0395
0.0186669765764164,0.0282420792796013
0.0147224318643355,0.0325
0.0147224318643355,0.0305
0.0147224318643355,0.0545
0.0147224318643355,0.0405
0.0147224318643355,0.0515
0.0189468881911952,0.0502265088757602
0.0147224318643355,0.0285
0.0147224318643355,0.0315
0.0147224318643355,0.0525
0.0147224318643355,0.0555
0.0147224318643355,0.0535
0.0185152150910334,0.0524803807986103
0.0147224318643355,0.0275
0.0187334566394831,0.0513516847724658
0.0182016409706963,0.0566105708999068
0.0147224318643355,0.0565
0.0186862173683825,0.0554524456325808
0.0182746936038904,0.0270524282339723
0.0147224318643355,0.0265
0.0147224318643355,0.0575
0.0147224318643355,0.0225
0.0147224318643355,0.0255
0.0147224318643355,0.0215
0.0167393980308152,0.0248685818114503
0.0204321935759661,0.043678625170289
0.0147224318643355,0.0235
0.0147224318643355,0.0245
0.0162420327851845,0.020193907066557
0.0147224318643355,0.0205
0.0147224318643355,0.0585
0.0147224318643355,0.0195
0.0198097584819384,0.035485887029686
0.0157705392785478,0.0192024720973206
0.0210130290476464,0.0453424006598415
0.0147224318643355,0.0185
0.0190036429523736,0.0541629400128316
0.0170905757770743,0.0231791817412436
0.0214774934529776,0.047397218327467
0.0156837915497197,0.0593992153388285
0.0147224318643355,0.0175
0.0149819064462359,0.0613813652461938
0.0147338969982231,0.01469478792533
0.0192244801178551,0.030446361293725
0.0147323607367123,0.0637565791907806
0.0200339946480447,0.0488184044053737
0.0195634818144096,0.0413409081463087
0.0196141437264844,0.0324736206653054
0.0147091377531599,0.0624999999999999
0.0195409777738941,0.0393438990563569
0.0154738796801799,0.0166306172776291
0.0138252160226333,0.0649459765768161
0.0138234395207322,0.0140571004147363
0.0175421366234024,0.0211200870638475
0.0204687533513874,0.037979026371974
0.0188136857847952,0.0582641071385683
0.0173754999284872,0.0586381218458719
0.0200559033638317,0.0290321134435257
0.0159655345242888,0.0628324189660399
0.0155884572681199,0.046
0.0155884572681199,0.045
0.0155884572681199,0.047
0.0155884572681199,0.044
0.0155884572681199,0.037
0.0155884572681199,0.043
0.0155884572681199,0.048
0.0155884572681199,0.038
0.0155884572681199,0.036
0.0155884572681199,0.042
0.0186809193912013,0.0398485601342306
0.0155884572681199,0.041
0.0155884572681199,0.04
0.0155884572681199,0.039
0.0186921583141576,0.0408459031074582
0.0186706190767523,0.0321344418484537
0.0155884572681199,0.033
0.0155884572681199,0.032
0.0155884572681199,0.035
0.0155884572681199,0.049
0.0155884572681199,0.031
0.0155884572681199,0.03
0.0184779807383533,0.0311322325595915
0.0155884572681199,0.034
0.0155884572681199,0.054
0.018714142818776,0.0352323119726095
0.0155884572681199,0.05
0.0155884572681199,0.029
0.0155884572681199,0.051
0.0155884572681199,0.055
0.0179893191275852,0.0506277007810443
0.0155884572681199,0.053
0.0155884572681199,0.052
0.0155884572681199,0.028
0.0180040079421212,0.0546006908351746
0.0155884572681199,0.056
0.019542751999728,0.0377233162178427
0.0155884572681199,0.027
0.0155884572681199,0.057
0.0176483704700841,0.0279184583819949
0.0164870757881092,0.0583167994179202
0.0167842954014846,0.0217487770884773
0.0170109645895982,0.0258330389807731
0.0155884572681199,0.022
0.0173150939405804,0.0576953086763965
0.0155884572681199,0.058
0.0195939624043428,0.0423425595648252
0.020218193753247,0.0478300080836669
0.0155884572681199,0.026
0.019157804611763,0.0293331320260913
0.0155884572681199,0.023
0.0155884572681199,0.024
0.0155884572681199,0.025
0.0188906154226245,0.0331677300428293
0.020219096213207,0.0446862935006247
0.0179908675733388,0.0260733130297649
0.0156137753542033,0.021
0.0190823322030237,0.0492073818902256
0.014704474508828,0.0595
0.0209262923836455,0.0464419081948235
0.0205218558092066,0.0427508679108275
0.0145931990576664,0.0165002762704719
0.0201904596104507,0.0362851139242014
0.013730146340629,0.0658301039619057
0.0154123455384909,0.02
0.0180273947212547,0.0574427332208867
0.015536763769124,0.018254980405473
0.0194452939695812,0.0588450793846069
0.0164544826719043,0.0465
0.0164544826719043,0.0455
0.0164544826719043,0.0445
0.0164544826719043,0.0435
0.0164544826719043,0.0475
0.0164544826719043,0.0425
0.0164544826719043,0.0375
0.0164544826719043,0.0385
0.0164544826719043,0.0485
0.0164544826719043,0.0365
0.0194783584317922,0.0440032788399631
0.0164544826719043,0.0335
0.0164544826719043,0.0345
0.0164544826719043,0.0415
0.0164544826719043,0.0295
0.0164544826719043,0.0355
0.0179335773366442,0.032831428358041
0.0178205684307768,0.0403569901243036
0.0164544826719043,0.0405
0.0164544826719043,0.0395
0.0164544826719043,0.0325
0.0181921962945255,0.0339088666559752
0.0164544826719043,0.0305
0.0164544826719043,0.0315
0.0164544826719043,0.0525
0.0164544826719043,0.0495
0.0164544826719043,0.0535
0.0164544826719043,0.0555
0.0164544826719043,0.0515
0.0178954454316601,0.0289056393100261
0.0186726666701543,0.0388492965559463
0.0164544826719043,0.0565
0.0164544826719043,0.0545
0.0164544826719043,0.0505
0.0182653025842002,0.0301515755441266
0.0192182532945399,0.0362579270920031
0.0164544826719043,0.0285
0.0200643823826595,0.045681916480538
0.0177574786397256,0.0516104130239217
0.0164544826719043,0.0275
0.0176691723968363,0.0555679597438344
0.0192747268781534,0.0481655440808138
0.0181564327411808,0.0535885195726515
0.0181207997449602,0.0495981561887397
0.0186872785084631,0.0418688607845022
0.0174279490287305,0.0568828915963954
0.0165178796680203,0.0239160000107662
0.0163178054362945,0.0225
0.0167204390401871,0.020900695849173
0.0145327499126059,0.0605
0.0207073765503344,0.0472048925395827
0.0173205080756888,0.046
0.0173205080756888,0.045
0.0173205080756888,0.047
0.0173205080756888,0.044
0.0173205080756888,0.037
0.0173205080756888,0.048
0.0173205080756888,0.043
0.0197807656601604,0.0469837374552719
0.0173205080756888,0.038
0.0173205080756888,0.036
0.0187395965243307,0.0428732906628897
0.0173205080756888,0.035
0.0173205080756888,0.042
0.0173205080756888,0.039
0.0173205080756888,0.031
0.0182755052191394,0.0486004696040192
0.0192859843459138,0.045051125811406
0.0173337650256388,0.053
0.0172916295137495,0.0268067036043802
0.0172650077052108,0.054
0.0172610791714757,0.05
0.0164023064316673,0.0574096281009615
0.0197930372711282,0.0431486432154795
0.0194275807938271,0.0385334825180467
0.0195748050543863,0.0369475949404097
0.0170357545316305,0.056
0.0186934914904544,0.0372997016382634
0.0181865334794732,0.0465
0.0191299377059851,0.0460393563205158
0.0181865334794732,0.0445
0.0181865334794732,0.0475
0.0181865334794732,0.0455
0.0173197004503962,0.049004834650124
0.0173205080756888,0.032
0.0172972069758565,0.03
0.0172537955979451,0.034
0.0163984521811683,0.0265368835402799
0.017879861786701,0.0412726396185974
0.0171891380913404,0.0509576267818517
0.0172116889907359,0.0548205185239653
0.0179910645677421,0.0425
0.0172113146663876,0.0398108714672387
0.0172059499723729,0.052201633584168
0.0181488524471504,0.0365
0.0181418298488175,0.0435774289595786
0.0179546194528889,0.0394981784018583
0.0189053248650893,0.047
0.0187926672318908,0.0380759718391342
0.0171824942479515,0.0408580534806601
0.0172047694605475,0.0331894732969356
0.016253847378523,0.0255257621959941
0.0170913060743101,0.029
0.0180283187518992,0.0317382822527176
0.0180402184383383,0.0383551835901961
0.0180650173554556,0.0357027342549406
0.0179733583118967,0.0375838943861382
0.0180839986785622,0.0347161846435824
