0,0.12
0,0
0.00510222933009802,0.000797467012074108
0.0108161802214165,0.00299050129527792
0.0154423503784484,0.00478419609447196
0.020340258916631,0.00737535790574013
0.0234691795458619,0.0105652259540366
0.0259181338149532,0.0139538547773788
0.027687121723905,0.0181399506127952
0.0287753160630334,0.0225248072232574
0.0298639240070037,0.0277077368237665
0.03,0.0304982653880531
0.0294556960280148,0.0368773955066733
0.0287753160630334,0.0394685573179415
0.0271428177519198,0.0450496144465149
0.0248299394758248,0.0496344437879683
0.0229252891787186,0.0580066960565983
0.0215645292487557,0.0637873623293793
0.020748073290778,0.0663788271296338
0.0197959549446459,0.0699668227059946
0.0178913046475397,0.0753485130815495
0.0155780127666028,0.08033207592904
0.0131290584975115,0.0851162720235119
0.0120408641583831,0.0899004681179839
0.011088332207409,0.0950827917405202
0.0100001378682806,0.0996676210819737
0.00891152992431031,0.104053083670409
0.00809507396633257,0.107242345740732
0.00727903161319675,0.109036646517899
0.006462575655219,0.112026541835204
0.00496615333710173,0.11501643715251
0.00360543476762301,0.116810737929676
0.00251699226558946,0.119003166234907
0.00170066038906429,0.119800633246981
0.0237413315318545,0.0544186398824403
0,0.118133587844082
0,0.115708463997334
0,0.112554954627399
0,0.108455513642079
0,0.103125937372177
0,0.0961983971882622
0,0.0871917465800118
0,0.0752048963020194
0,0.0632185308064052
0,0.0512318017240073
0,0.0392455574239876
0,0.0272587071459952
0,0.0152724628459755
0,0.00664030662485419
0.00833165593591882,0.00203669196624703
0.0182106075855128,0.00624884485448954
0.0293907600678312,0.0254547107212653
0.029730743247901,0.0336523807359602
0.0280655701542746,0.0418954990986078
0.0261373443811782,0.0470432819767002
0.0221559841727214,0.0612740080898059
0.018967918051094,0.072306503658592
0.0168854176719562,0.0775154903119272
0.011502350654185,0.092829765638019
0.00938469386348283,0.10214607099032
0.00844994692071195,0.105855868139193
0.00692415865881736,0.110336469269342
0.00561675375346394,0.113716614401067
0.00299023892573036,0.118049962883849
0.000990831759337129,0.119887288097078
0.0156669378076186,0.0293875077640928
0.0111760164338991,0.0539217379448257
0.0099314794645196,0.0725567725613174
0.00722443577406146,0.0833225772243179
0.00578467731928915,0.0130873062764169
0.00578426371444722,0.0938108439758215
0.00449712544634856,0.10490387674408
0.00337493278921319,0.110341923071096
0.00193881405704989,0.115834507415655
0.014323135676175,0.0167128724870851
0.0186328981291274,0.0417718795921768
0.01007913639309,0.039809722916572
0.0226560324266196,0.0300655971155448
0.00576027463361504,0.0614783438622006
0.0135434905491294,0.0637686982078201
0.0174504018860381,0.0531897165538033
0.0098938414239036,0.0790934569528398
0.00596252740132078,0.0769301155902983
0.00893510540030055,0.0893720553257889
0.00470061902858009,0.0881201048341893
0.00691505935229482,0.00596282325137481
0.0032764534763487,0.0984641488281901
0.00883873547212993,0.0955475768455817
0.00708587815201357,0.101674014149586
0.00245424841106807,0.106868457331576
0.00600967835330126,0.106052810980321
0.00219301559290254,0.113117908164038
0.00532557594474239,0.110840036964656
0.00129718886575766,0.117305821933373
0.00278885472819268,0.116674392885819
0.00632112279927757,0.0230980623854323
0.00541574180028401,0.0341723098365374
0.020917237671129,0.0182641760971989
0.00655232790591868,0.0536969201169537
0.0141874732880206,0.0442412398309322
0.0114283153874788,0.010222242421488
0.00520066728247832,0.0692087442621461
0.02418306150304,0.0380051205138693
0.0133706037252009,0.0718241451923223
0.00358529221182083,0.0821627353845688
0.0176522410489019,0.0604127255374267
0.0206091020638882,0.0468475510915178
0.0256108254173962,0.0263442863851899
0.0102036314505122,0.0594058991955642
0.01044269504915,0.0841915496371707
0.020603725200943,0.054720598706237
0.00276093640136214,0.0927703797966944
0.00635876083989357,0.0984756624096714
0.00303908565756276,0.103029586874517
0.00501371789392414,0.10173339999091
0.0041157404216012,0.113019739732461
0.00462741097155777,0.107922859004075
0.00757310465581184,0.10434516505325
0.00162236499248618,0.1102685997364
0.00102491279831249,0.114713448166159
0.00622516647594888,0.108507627747731
0.00726248741951939,0.10684240027875
0.000876552741510761,0.116341710978806
0.00216207795072588,0.117583965822842
0.00145497911295548,0.118620794134133
0.00538596225166476,0.0443618294474996
0.0107214647126136,0.0311430259510067
0.0147400493568445,0.0368228574891303
0.0175583527497829,0.0223599812146828
0.0102396150717604,0.0478625641957915
0.0168510884700757,0.0106688481873684
0.0100121324086967,0.0173097607901953
0.00310774406132381,0.0574177460649305
0.0194299146595343,0.0343050190125589
0.00947444611418251,0.0658325379872442
0.0223218397143369,0.0430614007180839
0.0255156963037514,0.0322410580375403
0.0225191292239394,0.0242342710842461
0.0243228599396137,0.0186738172067445
0.0147623840183089,0.0575668166462149
0.0172787558766355,0.064754139587026
0.01346449202432,0.0764865397142814
0.0174330304826768,0.0479904255480313
0.022158465801773,0.0505415928131012
0.0262175837205134,0.0395479404323653
0.0161889071181393,0.0730415549394779
0.0124867301779879,0.0810459179808814
0.0111226614092896,0.0871511460558409
0.0202017012945832,0.0589820176036601
0.0275390511904926,0.0247826811495402
0.00831717976645113,0.0995137026769077
0.00326301131898584,0.115080670817616
0.00600802393393352,0.103753124573922
0.0123820881529786,0.0233610568255844
0.0195109812085533,0.02810344043994
0.020396922779976,0.0130200427214471
0.014191195731598,0.050851853535124
0.0150560434560821,0.0685336848005575
0.0267147367405181,0.0292663121695526
0.0122658651923952,0.0685082337257041
0.0260562778321592,0.022456937690315
0.0219289151144996,0.0388001636140526
0.0232040588421822,0.0349370540380857
0.0235585181917196,0.0467784696026299
0.0196412667337626,0.050703994909785
0.0197533536459267,0.0623579814873729
0.0181295410364937,0.0570096199003166
0.0158054954296665,0.0616510475844203
0.0253382598265617,0.0434298353254859
0.0276519653123406,0.0346304291838992
0.0190423669226421,0.0670544925691951
0.0179657535190879,0.0162323319547334
0.0229836074614313,0.0149106939962732
0.024841106806557,0.0290766410640973
0.0257030592971475,0.0361150752170159
0.0177192450332952,0.0692784317290066
0.0280089062909296,0.0315841779151328
0.0239795679208085,0.0405823448317654
0.019676423145327,0.0648723052917026
0.0275527001502764,0.0373264251844445
0.027924944508017,0.02712963383781
0.0238678946134863,0.0274417124937508
0.028495305585044,0.0292335893590268
0,0.119066793922041
0,0.116921025920708
0,0.114131709312367
0,0.110504931145753
0,0.105791028496114
0,0.0996621672802194
0,0.0916947688951507
0,0.081198624430002
0,0.0692117741520096
0,0.0572252268630035
0,0.0452386795739975
0,0.0332518292960051
0,0.0212655849959854
0,0.0109560817464285
0,0.00332015331242709
0.0025850302620876,0.000398733506037057
0.00671694263300842,0.00141738247814692
0.00957412488108861,0.00251359663076247
0.0131290584975115,0.00388734869487494
0.0168262721795596,0.0055168234634671
0.019275226448651,0.00681240436910118
0.0219049260336674,0.00897029192988835
0.0246938634828285,0.0122595403657077
0.0268028345718501,0.016046902695087
0.0282314256958901,0.0203323789180263
0.0290830380654323,0.023989455983275
0.0296273420374174,0.0265812237725159
0.0299317552010809,0.0291033040948961
0.0298655784263714,0.032075626050993
0.0295934264403789,0.0352648881213168
0.0291157128479451,0.0381729764123074
0.028420443108654,0.0406817252192883
0.0276044007555182,0.043472253783575
0.0266398742641281,0.0460464482116075
0.0254834351260805,0.0483388628823342
0.02254063667572,0.0596403460134224
0.0218602567107386,0.0625306852095926
0.0211563012697669,0.0650830644306079
0.0202720141177119,0.0681725219288279
0.0193819364978699,0.0711369661712797
0.0184294045468959,0.0738275083700708
0.017388361159748,0.0764320016967383
0.0162319220217005,0.0789237831204836
0.0143537424344781,0.0827244769652623
0.0125851681303682,0.0875080670817616
0.011771607406284,0.0913651168780015
0.011295548233218,0.0939562786892696
0.0105440282354239,0.097375206411247
0.00969241586588174,0.100906846036147
0.00914811189389657,0.10309988031935
0.00868073842251113,0.104954172915815
0.00827251044352226,0.106549106939963
0.00768725959218563,0.108139193140329
0.00710159513600706,0.109686254904634
0.00669336715701818,0.111181202563287
0.00603945790192051,0.112871275129149
0.00529124674286187,0.114366222787802
0.00428577337212028,0.115913284552107
0.00329783684667668,0.117430047417776
0.00275361559565991,0.118526261570392
0.00210884700756897,0.119401899740944
0.00134574607420071,0.119843657683043
0.000529414197675541,0.119943644048539
0.0233331035528656,0.0562126376706207
0.0242856355038396,0.0520268448241906
0.0025850302620876,0.00371888681846415
0.000529414197675541,0.11901043797058
0.00292625425668316,0.0141798845611962
0.00292625425668316,0.00986410943962187
0.0029141356348145,0.0623484676332015
0.00991245364179063,0.0758254177460649
0.00855913859898253,0.0812083200775652
0.00301522065818317,0.0760678089351452
0.00794700343292019,0.0747437470647942
0.00659327478527015,0.0801266493962944
0.00792797761019122,0.078011786271569
0.0104881915817628,0.0896362617218864
0.0102189348296637,0.091100910481904
0.00807977058718101,0.0863476192640397
0.00735968455737388,0.0915917526397915
0.0023844319137496,0.0876559257071005
0.00596252740132078,0.08572164401824
0.00524244137151366,0.0909657773939917
0.00681786221444032,0.0887460800799891
0.00600843753877545,0.00338014513172446
0.00886561978685564,0.00447635928434001
0.00349161071512277,0.0063015649381145
0.00762356444652779,0.00400006059779727
0.00634966153337102,0.00952536775288218
0.00167224573642342,0.100794740111197
0.00167224573642342,0.0973309700192398
0.00453021383370328,0.0961377993909921
0.00996332703734852,0.0953154872820373
0.00941943667020529,0.097607901952764
0.0101705430631575,0.0941889742307867
0.0073112927908676,0.0946792104107016
0.00888671363379427,0.0924601190746716
0.0082352860077482,0.101910345558939
0.00126112252354101,0.107661682497841
0.00126112252354101,0.104997197351876
0.00347564556822412,0.105886167037828
0.00291459060014063,0.108605190201336
0.00525319509740394,0.105478343862201
0.00113054747494244,0.112836128406732
0.00278397419105786,0.111729612628581
0.00206591482497622,0.114476510778833
0.00589386899755973,0.11143328939993
0.00612466049935891,0.110587950128013
0.00547116484910317,0.112278022693875
0.00435029572746198,0.110590980017876
0.0006826134311279,0.117719704888727
0.00161798078116168,0.116570164674514
0.00319716542814995,0.116742262418761
0.00288956750720362,0.117362177884834
0.00236383439262129,0.116254450150737
0.00319468379909834,0.0251783847657138
0.00319468379909834,0.0191852626157039
0.00605310686170433,0.0180926843309246
0.00274199329960156,0.0367089336302625
0.00274199329960156,0.0307158114802527
0.00774764589910799,0.0369913193655411
0.00586863910220176,0.0286354890999712
0.00331016227096632,0.0524643609204805
0.0088639653674879,0.0538090260419034
0.0061560944673459,0.057587480495084
0.016410185708574,0.0430062567225681
0.0121330980381344,0.0420257843627384
0.0111222478044476,0.00660637185838295
0.0134351260805426,0.00750321925797997
0.00860628955096301,0.0116547743489524
0.0128755187294059,0.0134678604432729
0.00917168736988681,0.00809283582541774
0.00263433195924614,0.0722065172930964
0.00263433195924614,0.0662133951430866
0.00756607337349896,0.0708824554227454
0.00548026415562571,0.0653434531654774
0.00558159734189955,0.0730694299262222
0.0116512483972812,0.0721907618658062
0.00182664442391739,0.0846775439712766
0.00182664442391739,0.0786838158432941
0.00540498807439372,0.0827426563044433
0.00477382708560241,0.0795467284764199
0.00414307970165304,0.0851411171203927
0.0196210000965078,0.0443097153418473
0.0106896171397846,0.0566637882712963
0.00798215984448458,0.0604421457680013
0.0118737678022417,0.0615872987016922
0.00837797967821543,0.0565512581617658
0.0117856699709098,0.0846539108303413
0.00883335860918478,0.0837570634307443
0.0101680614341059,0.0816428062839916
0.00968869342230433,0.0867821054704661
0.0217643003874099,0.0563636473814177
0.0221725283663987,0.05456958899544
0.0190270635434905,0.0539550667333242
0.00141448719893014,0.094484085503492
0.00141448719893014,0.0899810631883531
0.00427253801717839,0.0932909148752443
0.0037308811161816,0.0904452423154418
0.00301869493885542,0.0956172643124422
0.00607130547474942,0.0961432531927464
0.00481766919884742,0.0984696026299444
0.00759874815601174,0.0970116196276265
0.00672231949595357,0.100074838279629
0.00155354114678836,0.103078065112333
0.00376806419147147,0.103966428820312
0.00315774888671363,0.100746867851354
0.00274666703431541,0.10494871911406
0.00475521486771538,0.103318638367495
0.00414514772586271,0.100098471420564
0.00604979802296886,0.101703707070248
0.00568623936690885,0.100104531200291
0.00402640177574345,0.102381190443727
0.00454096755959356,0.114017785453499
0.0048660609653537,0.113368177066764
0.0037453159251651,0.111680528412792
0.00315435732700977,0.113068823948249
0.00472047206099293,0.111929585359572
0.0045620614065322,0.106413367874078
0.00400113051990129,0.109132391037586
0.00354078833082873,0.107395658167826
0.00531854466242952,0.106987834992198
0.00497649345815008,0.109381447984366
0.00824231729006107,0.104199124361829
0.00847889925964733,0.103245921010771
0.0080115257882619,0.105100819585208
0.0073294914039127,0.103009589601418
0.00679139150455655,0.105198988016786
0.000845201494492162,0.111412080170886
0.000845201494492162,0.109362056689239
0.00249862821060759,0.110305564392734
0.00203828602153503,0.108568831522974
0.00190766961245226,0.111693253950219
0.000546454717163222,0.115210956081746
0.000546454717163222,0.113634201396779
0.00148186342768119,0.115273977790907
0.00160896419560752,0.113915981154085
0.00675209904457282,0.108771834143829
0.00657466256738312,0.109422048508537
0.0061172156122041,0.10727991637504
0.0057755780127666,0.109673529367208
0.00542649552617429,0.108214940386917
0.00767898749534694,0.107042373009741
0.00727075951635807,0.107939220409338
0.00785642397253664,0.106349134208971
0.00663587608398936,0.106447302640549
0.00741800284008658,0.105594085654986
0.00674382694773413,0.107675014013241
0.000472295369004453,0.11723795240043
0.000472295369004453,0.116024784499083
0.00140770407952242,0.116087806208244
0.00108687080363421,0.116824069445076
0.00095071208966953,0.115527882561469
0.00233955578839976,0.118293566028875
0.00257613775798602,0.117816661364359
0.00205044600388789,0.116708933630263
0.00172961272799967,0.117445196867094
0.00247546633945928,0.117128876365344
0.00198596500903037,0.118811677195534
0.00157781975100989,0.119210410701571
0.000761487874484717,0.118377190989108
0.00122290543614631,0.119254041115605
0.00137606330911447,0.117963308033753
0.00180852853184068,0.118102076989501
0.00272702080432355,0.0477965125967671
0.00272702080432355,0.0418033904467573
0.00773234251995643,0.0420857761820358
0.00540085202597438,0.0392673726310049
0.00596914507879172,0.0490290717932403
0.0131939944576951,0.0302649638685634
0.0104000937504308,0.0354763744337893
0.00852150055836653,0.0271205441682195
0.00806860325644879,0.0326573649047857
0.0152032867798106,0.0331051826266115
0.016686473742986,0.0392970655516672
0.0124093860725463,0.0383159872138648
0.0144637613224325,0.0405320486600312
0.012730757034729,0.0339826387310821
0.0166124384762798,0.0258740474783742
0.0159407442129789,0.0195367298398703
0.019237588408035,0.0203123816449272
0.0107078157528297,0.0508918480813222
0.0101593757324252,0.0438364465451681
0.00839617829126053,0.0507797421563726
0.0122137509823115,0.0460519020133618
0.00781299546413357,0.0461118938326592
0.0161467194242621,0.00772682512990653
0.0185956736933534,0.00902240603554061
0.0175310548302152,0.00845884652092896
0.0155871120731253,0.0136908603372267
0.0141399087311982,0.0104458482934145
0.00789819806157197,0.0151985335333061
0.0121674272400149,0.0170110136496538
0.00816662760398715,0.0202039115878138
0.0107202238980878,0.0137660016058416
0.00158787034866888,0.0603181141965489
0.00158787034866888,0.0543248344922662
0.00443384390553265,0.0594480146646669
0.00483007734410544,0.0555571512975503
0.0175484262335764,0.0318465663773122
0.0190316131967518,0.0380384493023679
0.0210429735430769,0.0321853080640519
0.0170851888106103,0.0355636352618582
0.00970275598693008,0.0691948067687739
0.00761736037389878,0.0636554409247224
0.0115089683316559,0.0648006180975322
0.00733734989590945,0.0675204896302019
0.00983924558476831,0.0626192185914042
0.0204775757241531,0.0424166401551304
0.0214656776915335,0.0449544759048009
0.0240858643651855,0.0311533275765426
0.0225877876277005,0.0271502370888818
0.0217183902499552,0.0212492235907225
0.0240651841230888,0.025289278734718
0.0200387409868612,0.0232974291384508
0.0251207036797044,0.0163135330030753
0.0260049908317593,0.0184065809207835
0.0226200488053713,0.0184689966519717
0.0234212013841975,0.0214540441454953
0.0129694070285249,0.055744216697723
0.0141531440861401,0.0606677634867973
0.0161065997545945,0.0553782060022118
0.0162075193360264,0.0589897741217107
0.0124830077344105,0.0584863882197882
0.0154113300153034,0.0642614188974231
0.0174657052651896,0.0625834052932176
0.0145212523954614,0.0784093078216607
0.0151747480457171,0.0770010150131043
0.0116979857444198,0.0745219591267857
0.0116789599216908,0.0777899983335606
0.0134173410723395,0.0741553424533018
0.0180327575034812,0.0448811525701041
0.0174417161843575,0.0505900710509173
0.0158104586877697,0.0461161356784681
0.0190212730757035,0.0474189883197746
0.0234939958363779,0.0500883212895211
0.0229501054692347,0.0524801163477708
0.0213837839328306,0.0486945719523095
0.021380888698937,0.0526310048629732
0.0274964498917734,0.039507945886167
0.027141576937394,0.0407217197654865
0.0252005294141977,0.0387765304731173
0.0170401058828395,0.0741953369995001
0.0175786193870376,0.0726743322880213
0.0165371623950478,0.0752782196367162
0.0147797554216701,0.0724325470769138
0.0148269063736506,0.0747637443378933
0.0140323714722954,0.0806889969549607
0.0128081011401707,0.0830807920132103
0.0111900789985248,0.0800696874668606
0.011464712613569,0.0826184308200397
0.012975611101154,0.0787662288475814
0.0121260667558215,0.0861337090396764
0.0115817627838363,0.088525504097926
0.010029090207216,0.0882619036798012
0.0107826782292198,0.0856713478465058
0.0215632884342299,0.0584943265312306
0.0211790495360732,0.0601280183005348
0.0189269711717425,0.0596973685406535
0.0204027132477631,0.0568512778560499
0.028157390429184,0.0236537441863988
0.0284651124315829,0.0251183929464164
0.0265749383039444,0.0255637867563514
0.00915845201494492,0.0995906618794407
0.00885114361738795,0.100829886833614
0.00857775081686956,0.097530942750231
0.00770173576165332,0.100594161402233
0.00733817710559331,0.0989949855322759
0.0041144996070754,0.115048553985063
0.00343420236306233,0.11594540138466
0.00260091268801787,0.115457589116636
0.00272801345594419,0.114099592479813
0.00302593302358926,0.115877531851717
0.00368935519005142,0.114049902286052
0.00525236788772007,0.104328197670015
0.00654695104297354,0.10271387235074
0.00600885114361739,0.104902664788135
0.00551087091392883,0.10274295929343
0.00679056429487268,0.104049447802572
0.0140245129802986,0.0263739793058522
0.0133524051121558,0.0200366616673484
0.00935160547612811,0.0232295596055083
0.0115515696303751,0.0272520413882955
0.0149700136489598,0.0228605190201336
0.0111971102808377,0.0203354088078898
0.017588959508086,0.02874517111303
0.0210835068175865,0.0290845187777424
0.0185344601767471,0.0252317108273114
0.0194704479340438,0.0312042297262494
0.0210152620186674,0.0261685527731067
0.0203683840458826,0.0101980033025799
0.0219330511629189,0.0117923313487555
0.0206570802255525,0.015642109409323
0.0186237988226049,0.0118444454544077
0.0126836060827485,0.0523867957399749
0.0158207988088181,0.0520207850444636
0.0141891277073884,0.0475468496720144
0.0122154054016792,0.0493575118544441
0.0144765830725325,0.0542093350906695
0.0158121131071374,0.0494211395415777
0.0142995602001847,0.0661511612052902
0.0142131167882205,0.0701789149964399
0.0161673996663588,0.066643639503704
0.0156226820895317,0.0707873168810314
0.0261625742765362,0.0278052992773713
0.0261154233245557,0.0307533821145601
0.0110986723284574,0.0705322001545244
0.0129048846731832,0.0661383750700662
0.012818441261219,0.0701661894590132
0.0108703624557098,0.0671702343619809
0.0136609543242386,0.0685209592631308
0.0268714929756111,0.0202984441515551
0.0274157969475963,0.0224908724567862
0.0258333448223567,0.0244009150267388
0.0242877035280493,0.0233459073762669
0.0251893620834655,0.0205650744595434
0.0267974577089049,0.0236198094199276
0.0202806998193925,0.0402860216031147
0.0230559883087698,0.038402642063961
0.0206794148870169,0.0365525913133058
0.0221253774144183,0.0409307821660683
0.0229302524368219,0.0325010225878289
0.0236937669750321,0.0364707842869912
0.0213171935532792,0.0346213395143087
0.0243600843753878,0.0335887530488267
0.0225662801759199,0.0368683058370828
0.0241942288337722,0.0482067596842855
0.024847724484028,0.0469105728006787
0.0220840169302249,0.0468130103470739
0.0229401789530283,0.0449199351603569
0.0228582851943253,0.0486600312078656
0.0185460411123213,0.0519468557317941
0.0201251843988254,0.0487757730006514
0.0201222891649318,0.0527122059113151
0.0185373554106407,0.0493472102289082
0.0208998662677678,0.0506227938614431
0.0206591482497622,0.0630726719083761
0.020954875711745,0.0618159947885894
0.0187027973474143,0.0613853868411883
0.018516261563702,0.0635560605371995
0.0199775274702549,0.0606699995455165
0.0177899714612659,0.0550996379281613
0.0178908910426978,0.0587111454498629
0.0193666331187184,0.0558651093032768
0.0164461693298223,0.0572881879743671
0.0191656211655384,0.0579957884530897
0.014674286186977,0.0627098728961202
0.0167286614368632,0.0610318592919147
0.0152839397239877,0.0596089260555379
0.016542125653151,0.0632025935857232
0.0262403319868198,0.0442400278749867
0.0267019149904182,0.0426626672120468
0.02573780210387,0.0452368616400794
0.0238302565728703,0.0432456180217849
0.0257779217735376,0.0414888878789256
0.0244481822067197,0.0451041524640579
0.0285536238677567,0.0357539123452862
0.0286913542801208,0.0341414049599297
0.026583624005625,0.0334360465997061
0.01989522010671,0.0667163568604281
0.019419160933644,0.0685106576375949
0.0181605613996388,0.0659042857792119
0.0161442377952105,0.0164729052098956
0.0194414955951084,0.0172485570149525
0.0177618463320144,0.0192961565847081
0.0174086277970027,0.0134508930600373
0.0191813381495319,0.0146258843491039
0.0232263935036466,0.0127376569861685
0.0244510774406132,0.0144319713978397
0.0219504225662802,0.0165874350467361
0.0236532337005225,0.0167922556015089
0.0216902651207037,0.0139653683588602
0.0237487764190093,0.0295711190898211
0.0252261729143976,0.02771076671363
0.0251786083575752,0.0306588495508188
0.0257779217735376,0.0291711736278386
0.0249428535976728,0.0370604008544289
0.0256095846028704,0.0341783696162644
0.0259603215088305,0.0378312048357042
0.0244535590696648,0.0355260646275508
0.026677512304744,0.0353727522004575
0.0187578067913915,0.0696226272175006
0.0183433747397736,0.0707927706827857
0.0174992072573863,0.067016315956915
0.0169540760757173,0.0711599933342423
0.0163874374422677,0.0689063612537684
0.0183810127803896,0.0681664621491009
0.0290044531454648,0.031041221651593
0.0288700315718363,0.0326185823145329
0.0267623012973405,0.0319126179763366
0.0273616147133029,0.0304255480313291
0.0278302289992141,0.0331076065385023
0.0240813147119242,0.0392940356618037
0.0231507038175727,0.041822175763911
0.0250987826230819,0.040064839643079
0.022954241517654,0.0396909512339226
0.0246587070712641,0.042006393067612
0.0206202693946204,0.064329833810541
0.0202124550204734,0.0656255359117696
0.0184773827085602,0.0648132224393643
0.0197148883956268,0.0636151433895378
0.0193591882315636,0.0659634292293475
0.0285044048915666,0.0371016073565726
0.0281640081066549,0.0383971882622067
0.0268851419353949,0.0384371828084049
0.0276023327313085,0.0359787301731582
0.026627879723712,0.0367204472117439
0.0288944342575104,0.0274186853307882
0.0286578522879241,0.0262921722795376
0.0267676781602857,0.0267369601114999
0.0277322046516758,0.0259564604826614
0.0273198406242676,0.0281979730036813
0.0232619635200529,0.0287536548046479
0.0247393600154412,0.0268933024284567
0.0231937187211338,0.0258382947779848
0.0243542939076007,0.0282591767789241
0.0291794079936029,0.0284706630913966
0.029247652792522,0.0298662303625263
0.0276048143603601,0.0292499507642897
0.0282521059379868,0.0304091866260661
0.0282103318489515,0.0281816115984184
0,0.11953339696102
0,0.117527609871381
0,0.11492008665485
0,0.11152963989759
0,0.10712296808011
0,0.101394052326198
0,0.0939465830417064
0,0.0841951855050069
0,0.0722083352270145
0,0.0602218727749246
0,0.0482352406490024
0,0.0362489963489827
0,0.0242621460709903
0,0.0131139693072157
0,0.00497992697965429
0.00132651344905078,0.000199366753018529
0.00590958598155322,0.00110712175612417
0.00895289040850372,0.0022754472874911
0.011972619359464,0.00343892499507643
0.016134311279004,0.00515020678998318
0.0187429170170819,0.00653062461179536
0.0211223856727283,0.00817282491781424
0.0240817283167662,0.0114123831598721
0.0263606909958226,0.0150003787362329
0.0279592737098976,0.0192361647654108
0.0289291770642328,0.0232574345922526
0.0295090510526243,0.0260176642579042
0.0298978396040423,0.028405217470345
0.0299325824107648,0.0312872487085094
0.0296620848441399,0.0344583314396522
0.02928570443798,0.0375251859594904
0.0285978795858437,0.0400751412686149
0.0278347786524754,0.0426838764410914
0.0268913460080239,0.0455483343180475
0.0258101829512084,0.0476910724295172
0.0227329629272193,0.0588234937660016
0.0220083272441509,0.0619023466496993
0.0213606220616823,0.0644352133799936
0.0205102505066659,0.0672756745292309
0.0195887389188369,0.0705515914496508
0.0186986612989949,0.0730670060143314
0.0176398329036439,0.0758902573891439
0.0165586698468283,0.0782196367162054
0.0149658776005404,0.0815282764471511
0.0128573201163608,0.0863124725416231
0.0119060289799126,0.0906324895090063
0.0113989494437015,0.093392719174658
0.0108161802214165,0.0962293020648699
0.00984627686708119,0.100287536548046
0.0092664028786897,0.102622975654835
0.00879613417341072,0.104503931282098
0.00836143548453807,0.106202487539578
0.00789116677925909,0.107690769440531
0.00719010657218094,0.109361450711267
0.00680876290791777,0.110758835916314
0.00625122358099072,0.112448908482177
0.00545379344574194,0.114041418594434
0.00462575655219004,0.115464860852308
0.00345165648739195,0.117120392673726
0.00287190658045303,0.118288112227121
0.00231291963657921,0.119202532987926
0.00152322391187459,0.119821842476026
0.000760122978506335,0.119915163083822
0.0231291963657921,0.0571096668636095
0.024013483517847,0.0532224393643291
0,0.118600190883061
0,0.116314441970034
0,0.113343331969883
0,0.109480222393916
0,0.104458482934145
0,0.0979302822342408
0,0.0894435607265676
0,0.0782014573770243
0,0.0662152130770046
0,0.0542286051902013
0,0.0422421184989926
0,0.0302552682210002
0,0.0182690239209805
0,0.00879819418564136
0,0.0016603796451999
0.00384354707512443,0.000598100259055586
0.00752429928446362,0.00172703722219697
0.0101953593536735,0.00275174597403384
0.014285497635559,0.00433577239467345
0.0175186466849572,0.00588283415897832
0.01980753588022,0.00709418412640701
0.0226870527897647,0.00976775894196246
0.0253059986488909,0.0131066975715433
0.0272449781478775,0.0170934266539411
0.0285031640770408,0.0214285930706419
0.0292368990666317,0.0247220833522701
0.0297456330222106,0.0271441773091548
0.0299660844029614,0.0298007847414746
0.0297981608371362,0.0328640033934766
0.0295243544317759,0.0360708388250087
0.0289457212579102,0.0388207668651245
0.0282430066314643,0.0412883091699617
0.027373609253719,0.0442612371040313
0.0263884025202322,0.0465451680831402
0.0251566873009527,0.0489866533351513
0.0223483104242207,0.0604571861412838
0.0217125997821681,0.063159023769486
0.0209523940826934,0.0657309154812223
0.0200337777287579,0.0690699753063976
0.019174720472061,0.0717217349149358
0.0181601477947969,0.0745880107258101
0.0171368894158521,0.0769737460043327
0.0159051741965726,0.0796279295247618
0.0137416072684158,0.0839200715054008
0.0123130161443757,0.0887042675998728
0.0116371858326555,0.0920971382690239
0.0111917334178925,0.0945198382038813
0.0102722898542732,0.0985217167355967
0.00953855486468228,0.101526761502219
0.00902982090910344,0.103576179005893
0.00856534267161154,0.105405020527504
0.00818399900734838,0.106895726340348
0.00748293880027022,0.108587616840128
0.00701267009499125,0.110011665075974
0.00657797140611859,0.111604175188232
0.00582810582769222,0.113293641776121
0.0051287000399818,0.114691632959142
0.00394558338962955,0.116361708251905
0.00314401720596142,0.117739702161826
0.00263532461086678,0.118765016891636
0.00190477437855872,0.119601266493963
0.00116830959701102,0.11986547289006
0.000298726097086843,0.119971519035283
0.023537424344781,0.0553156690754291
0.0245577874898322,0.0508306443060795
0.00132651344905078,0.00185974639821842
0.000298726097086843,0.119504915996304
0.00384354707512443,0.00225847990425548
0.00132651344905078,0.00517929373267282
0.00132651344905078,0.00351952006544562
0.0025850302620876,0.00205911315123695
0.000298726097086843,0.118572315896317
0.000760122978506335,0.119448560044842
0.000298726097086843,0.119038918935297
0.000529414197675541,0.119477041009559
0.00149712544634856,0.0147258707145995
0.00435525898556519,0.0136338984077929
0.00149712544634856,0.0125679831538124
0.00149712544634856,0.00825220803223803
0.00435525898556519,0.011475404869033
0.00149712544634856,0.0104100955930252
0.00292625425668316,0.012021997000409
0.00149108681565632,0.0627834992198033
0.00433706037252009,0.0619134360465997
0.00992196655315511,0.0741910951536912
0.00990335433526808,0.0774597403384387
0.00789199398894296,0.0822651456619552
0.00922669681386403,0.0801508885152025
0.00154162932734066,0.0756363526185823
0.00448885334950988,0.0764992652517081
0.00893924144871989,0.0736505628020421
0.00695476541712048,0.0758369313275462
0.00892972853735541,0.0752842794164432
0.00690885527966581,0.0817246133103062
0.00627810789571643,0.0785286854822827
0.00757641349454731,0.0806671817479435
0.00891111631946838,0.0785529246011907
0.006945252505756,0.07747125391992
0.00892021562599093,0.076918602008817
0.00824355810458688,0.0796103561635534
0.00793749052155571,0.076378069657168
0.00726083300015166,0.0790692178339317
0.0112645278700729,0.0897683649199352
0.0097114416886107,0.0895041585238377
0.0111296926916024,0.0905003863109576
0.0108608495443453,0.0919650350709752
0.00957702011498215,0.0902361799148601
0.0109952711179739,0.0912330136799527
0.0103533564032923,0.0903682831129088
0.00765210318062123,0.0848350982441788
0.00850743799374078,0.087859534305928
0.00657218093833152,0.0927012983078065
0.00814760178125819,0.0904816009938039
0.00122621427488178,0.0874238361435562
0.00354260819213324,0.0878880152706449
0.00659368839011209,0.0845218076322926
0.0053317800173714,0.0869208744262146
0.00702135579667186,0.0860343286521535
0.00551335254298044,0.092388613673893
0.00497153020004687,0.0895429411140905
0.00630126976686474,0.0912784620279053
0.00787669060979141,0.0890587647139027
0.00575944742393118,0.0884327894681028
0.00744902320323163,0.0875468496720144
0.0070887733859071,0.0901689163598903
0.00639019480788055,0.0872335590601282
0.00603035859539796,0.0898556257480041
0.00555512663201577,0.00208880607189929
0.00646174844553514,0.00467148419154964
0.00636289688831291,0.00239906679392204
0.00429694070285249,0.00354981896408065
0.00984090000413605,0.00373343028980896
0.00789033956957523,0.00521989425684376
0.00922007913639309,0.00349528094653759
0.00177982435581046,0.00647063279249799
0.00520356251637186,0.006132497083731
0.00303834116884728,0.00501022587828932
0.00320895316614506,0.00808253419988183
0.00475025160961218,0.00484115802390583
0.0079776101912233,0.00301837628202215
0.00726951870183227,0.00498174491357239
0.0071702535397681,0.00270872153797209
0.0085988446638082,0.00325652562529352
0.00681620779507259,0.00369040585374721
0.00824479891911268,0.00423820994106864
0.00606716942633008,0.0113063370146495
0.00663256724525388,0.00774439849111485
0.00463816469744806,0.00969443560726568
0.00492065680448899,0.00791346634549834
0.000870141866460783,0.101960641730673
0.00247434960638606,0.0996294444696935
0.000870141866460783,0.100228756684695
0.000870141866460783,0.0967643806147647
0.00247434960638606,0.0978975594237149
0.000870141866460783,0.0984962656607432
0.00167224573642342,0.0990628550652184
0.00515723877407525,0.0949743216834068
0.00390343705623647,0.0973006711206048
0.0105258296223788,0.0951991395112788
0.00940123805716019,0.0954318350527958
0.0106296444377042,0.0946355799966671
0.0102536776363862,0.0963450438576558
0.00970978726924296,0.0986374585283825
0.00912908607116761,0.0965777393991728
0.00998193925523555,0.0974915541820055
0.00969158865619787,0.0964613916284143
0.0108364468586712,0.0935090669454165
0.00950463926764369,0.0948682755381842
0.0107330456481877,0.0940726264600282
0.0101945321439896,0.0926449423563453
0.010067141852674,0.0947519277674257
0.00654777825265741,0.0942453301822479
0.0080748073290778,0.095113696617128
0.00733569547654171,0.0931357845142329
0.00891111631946838,0.0909160872002303
0.0088627245529621,0.094004150949113
0.00955303103414997,0.0917802117893015
0.00812319909558408,0.0920256328682452
0.00952862834847587,0.0933242436637428
0.00809921001475191,0.0935696647426866
0.00881019673803648,0.102028511263616
0.00766078888230185,0.101792179854262
0.000664580260019577,0.10805859806996
0.00185770614754663,0.107265372903695
0.000664580260019577,0.106726052507991
0.000664580260019577,0.104061567362026
0.00185770614754663,0.105932827341726
0.000664580260019577,0.105394112923995
0.00126112252354101,0.106329742913845
0.00398632346656005,0.105394718901968
0.002964926309404,0.106377009195716
0.00314476169467691,0.109473556636216
0.00268441950560435,0.107736823766456
0.00487516027187625,0.10519111030314
0.00563122992293163,0.105765577421261
0.000599272055478196,0.112695541517066
0.00166178153392249,0.112977321274372
0.00307945349013552,0.111035767849839
0.0024884948919802,0.112424063385296
0.00200238512125515,0.115155206108258
0.00212948588918148,0.113797209471436
0.00617842912881033,0.111729612628581
0.00560972247115106,0.111136360193307
0.00629382487970992,0.111307245981609
0.00596666344974012,0.112152585253526
0.00652420277666717,0.110462512687664
0.00572511822205065,0.110713993546335
0.00640880702576758,0.110884879334636
0.00600926474845932,0.111010922752958
0.00554395930128355,0.112997318547471
0.00539837039692278,0.111559332818252
0.00575531137551184,0.112574951900498
0.00568251692333145,0.111855656046903
0.00386257289785339,0.1104661485555
0.00483793583610219,0.11071520550228
0.000375317441716184,0.117926949355391
0.000989880468200681,0.117513066400036
0.00177841809934788,0.116202336045085
0.00145758482345967,0.116937993303943
0.00340127941764438,0.116776197185232
0.00299301007817131,0.11670832765229
0.00324750113741331,0.117086457907255
0.00293990321646699,0.117705767395355
0.00283919043745605,0.11701798239634
0.00309368149669805,0.117396112651305
0.00304334578743468,0.117051917162811
0.00215132422483559,0.11604417579421
0.00257634456040699,0.116464118529291
0.00163134021755615,0.0262188489448409
0.00475811010160892,0.0241385265645594
0.00163134021755615,0.0232216818918632
0.00163134021755615,0.0172285597418534
0.00475811010160892,0.0211413595115818
0.00163134021755615,0.0202251208168583
0.00306046902789075,0.0166825735884501
0.00319468379909834,0.0221818236907088
0.00591868528807577,0.0155899953036707
0.00618711483049095,0.0205953733581784
0.00448968055919375,0.0161365874350467
0.00462368852798037,0.0186386704843279
0.00140501564804985,0.0379772455271251
0.00407897095115327,0.0354406217334
0.00140501564804985,0.0349806844521202
0.00140501564804985,0.0289869563241376
0.00407897095115327,0.0324440606583951
0.00140501564804985,0.0319841233771152
0.00296831786910785,0.0279470981229832
0.00274199329960156,0.0337123725552576
0.00891318434367805,0.0384002181520702
0.006581693849696,0.0355818146010392
0.00609488095073966,0.0258667757427018
0.00564239725366385,0.031403596479268
0.00453145464822908,0.0269066339438561
0.00430521279969117,0.0296753473011256
0.00168907945349014,0.0518480813222439
0.00493141053037928,0.0530806405187171
0.0100199909006935,0.0538653819933645
0.00770835343912426,0.0537526700904422
0.00595839135290144,0.0595329364177612
0.00635421118663229,0.0556420488115257
0.0175215419188507,0.0423893711463588
0.0152988294982973,0.0436237482767501
0.0111061172156122,0.0409174506506688
0.0131604924654985,0.0431335120968353
0.010969214012932,0.00479813358784408
0.0112752815959632,0.00841461012892181
0.0121256531509796,0.00524655728764259
0.00999393379565163,0.00554166856034783
0.0144385314270746,0.00614401066521232
0.0124317207340107,0.00886303382872032
0.0132820922890271,0.00569558696541381
0.0122786869424951,0.00705479555818146
0.00719548343512608,0.0123710403126846
0.0100175092716419,0.0109385083852202
0.00747797554216701,0.0105900710509173
0.0135993272027905,0.0150900634761926
0.0121521238608633,0.0118450514323804
0.00804337336109081,0.00702813252738263
0.0103000013786828,0.00915753912345286
0.00901865357837122,0.00628459755487888
0.00776088125404988,0.00880910178914996
0.0101469675871672,0.00734930085291399
0.00888919526284588,0.00987380508718508
0.00135116429763004,0.0737057067975579
0.00391749962086223,0.0707079337666076
0.00135116429763004,0.070709145722553
0.00282479698895675,0.0741371631141208
0.00135116429763004,0.0647160235725431
0.00391749962086223,0.06771076671363
0.00135116429763004,0.0677125846475481
0.00277425447727241,0.0642809919859413
0.00263433195924614,0.0692099562180915
0.00874856961658831,0.0717199169810177
0.00638316352556767,0.0700455998424457
0.00775633160078861,0.0728131012437698
0.00562047619704135,0.0634109288127376
0.00534046571905202,0.0672756745292309
0.0041972619359464,0.0638459603993395
0.00405738077840431,0.0657784847520793
0.0057718555691892,0.0750000757472466
0.00539092550976797,0.0711387841051978
0.0042981815173783,0.0745686194306837
0.0067640935849889,0.0739062855065218
0.00410792329008865,0.0726379736096593
0.00657383535769925,0.0719762456634701
0.0107913639309004,0.0723737672135618
0.0125107192588201,0.0720071505400779
0.000947361890449864,0.0859343422866579
0.00270596831786911,0.0834201396779227
0.000947361890449864,0.082937781211653
0.0021055381688335,0.0861664318502022
0.000947361890449864,0.0769446590616431
0.00270596831786911,0.0804235786029178
0.000947361890449864,0.079941220136648
0.00242095322129238,0.077376115378206
0.00182664442391739,0.081680376918299
0.00631450512180663,0.083032919753367
0.00449505742213889,0.0824529988334924
0.00599933823225291,0.0814349558393552
0.00568375773785725,0.0842321501613416
0.0053681772434616,0.0782384220333591
0.00417947692774323,0.080854428941508
0.00389454455213489,0.0778069657167962
0.00568375773785725,0.0798363859473708
0.0033002771152441,0.079115272159857
0.00508940757999807,0.0811446923904316
0.00442184936511657,0.086630610977291
0.00386418595673693,0.0836522292414671
0.00326375580770132,0.0863985214137466
0.00505301035390788,0.0854313805693163
0.00298486206278521,0.0849090275568483
0.00477382708560241,0.083941886712418
0.0191267423103966,0.0430407974670121
0.0201152578826189,0.0455786332166826
0.0109328167868419,0.0552927025102637
0.0104468310975694,0.0580348740323289
0.00977679125363628,0.0552364677543971
0.00687121723904981,0.0609602326955415
0.00909268884507741,0.0599240346013422
0.0070693339583362,0.0590148010119832
0.0127084223732646,0.0626779984547562
0.011038699626377,0.0604966171279674
0.00746515379206706,0.0551239376448666
0.00929080556436381,0.057978578678665
0.00862117932527263,0.0551802329985305
0.00726703707278066,0.0570693693284249
0.00953400521142101,0.0566075535154297
0.00817986295892904,0.0584966898453241
0.0124573642342106,0.0848847884379403
0.0111143893124509,0.0844230332227424
0.00802889719162312,0.0835401233165174
0.00963782002674645,0.0839746095229438
0.00869645540650462,0.0824826917541547
0.0084565645981829,0.0850520383584057
0.0100311582314257,0.0803678286294293
0.0103053782416279,0.0829171779605811
0.00936360001654419,0.081425260191792
0.00950091682406629,0.0826996318683816
0.00931189941130244,0.0880770803981275
0.0100654874333062,0.0854865245648321
0.00888423200474267,0.0865645593782666
0.00926102601574456,0.0852695844506052
0.0223445879806433,0.057185171719008
0.0211840127941764,0.0555421230438274
0.0225489087725587,0.0562881425260192
0.0229571367515476,0.0544941447378388
0.0213879199812499,0.0546450938508385
0.0227528159596322,0.0553911133330303
0.0219682075744833,0.0554666181884289
0.0182387327147643,0.0535720886545774
0.0198153943722168,0.0543378630186793
0.000741262597714144,0.0953409383568907
0.00208771180014614,0.0936272326500932
0.000741262597714144,0.0930897301883076
0.00154336646767678,0.0959075277613659
0.000741262597714144,0.0885867078731688
0.00208771180014614,0.0913760244815101
0.000741262597714144,0.0908379160417519
0.00189943887609778,0.0888181914587405
0.00141448719893014,0.0922328773349089
0.00502860766823377,0.0935508794255329
0.00351675788951236,0.0930309503249557
0.00475769649676699,0.0921280431456316
0.0044015827278618,0.0947143571331182
0.00421587415383343,0.0892823705858292
0.00324588807852977,0.0916081140450545
0.0030576565149656,0.0890502810222848
0.00448678532530021,0.0907052068657304
0.00257266347731377,0.0902131527518975
0.00400175092716419,0.0918680785953431
0.00314757420760206,0.0970407065703162
0.00288981567010878,0.0941938220545683
0.00234547033763942,0.096474117165841
0.00377455778748983,0.0958772288627308
0.00221659106889278,0.0950506749079671
0.003645637158259,0.0944537866048569
0.00592778459459832,0.0949773515732703
0.00621523995974246,0.0973097607901953
0.00530075965422635,0.0961402233028829
0.00669129913280851,0.095411231801724
0.00404699929687177,0.0984671787180536
0.00558821501937049,0.0984726325198079
0.00467414831869632,0.0973037010104683
0.00544469413921939,0.0973067309003318
0.00821874181407084,0.0962795982366041
0.00697875449795266,0.097743641018649
0.00745522727586064,0.0958457180081504
0.00683523361780155,0.0965777393991728
0.00690430562640453,0.100874729203593
0.0065403333655026,0.0992755533336363
0.000810789571643252,0.103101698253268
0.00229633408241766,0.103053825993425
0.00161289344160589,0.101936402611765
0.00140733183516468,0.104037328243118
0.00413253277818372,0.10443484979321
0.00340355424427502,0.103498007847415
0.00362185487984779,0.10492629792907
0.00321710118153116,0.0996052053507855
0.0030984379523803,0.101887924373949
0.00241499731156853,0.100771106970262
0.002355645016751,0.101912163492857
0.00260045772269174,0.105908588222818
0.00289287634593909,0.103989455983275
0.00200391545917031,0.104972958232968
0.00311113562102767,0.105417746064931
0.00215012477079398,0.10401308912421
0.00325734493265134,0.104457876956173
0.00462617015703197,0.104111257555788
0.00488467318324073,0.102526019179203
0.0042617842912881,0.103642230604918
0.00371077992086361,0.0992810071353906
0.00457943280989343,0.100915935705737
0.00448140846235507,0.0992840370252541
0.00365142762604608,0.100422669635959
0.00656804488991218,0.101689163598903
0.00553196476086747,0.101718250541593
0.00638605875946121,0.100889272674938
0.00602250010340121,0.0992900968049811
0.0053499786304165,0.100918965595601
0.00525195428287814,0.0992870669151176
0.00620448623385218,0.100089987728946
0.00491569354638578,0.100101501310427
0.00586822549735982,0.100903816146283
0.00353276439689521,0.102705388659122
0.00452028731749686,0.102056992228332
0.00389723298360746,0.10317380963202
0.00359207533122854,0.101563726158554
0.00439082900197152,0.102849611416625
0.00408575407056099,0.101240133921132
0.00475356044834765,0.114517111303004
0.00432837467083948,0.113519065581966
0.00491610715122772,0.114192307109637
0.00524161416182979,0.113542092744929
0.00449092137371955,0.113193655410626
0.00507865385410779,0.113867502916269
0.0051688197096494,0.112823402869306
0.00470351426247363,0.113692981260131
0.00356014503743124,0.111010922752958
0.00393052817338315,0.112350134072626
0.00326466573835358,0.111705373509673
0.00404778514607144,0.111135754215334
0.00267370714019825,0.11309366904513
0.00363504887430549,0.113043978851369
0.00296918643927592,0.112399218288415
0.00344983662608744,0.112374979169507
0.00502323080528863,0.111384811162114
0.00441812692153916,0.112474965535003
0.00509602525746901,0.11210410701571
0.00453559069664842,0.111260585677711
0.00479326651317331,0.112648881213168
0.00423283195235272,0.111805359875169
0.00452980022886135,0.105658319320093
0.00459473618904499,0.10716781045009
0.00401891552810445,0.106149767455953
0.00490783505438904,0.105945552879153
0.00368803165455724,0.109737157054341
0.00431431210621372,0.10852762502083
0.00345786056002096,0.108868790619461
0.00417575448416583,0.109861382538745
0.0029975183709484,0.107132057749701
0.00408409965119325,0.10765925858595
0.00350819626928433,0.106640609613841
0.00322768946548468,0.108000424184581
0.00405150758964885,0.106904210031965
0.00377095942536501,0.108264024602706
0.00566390470544442,0.106520019997273
0.00497277101457268,0.10745504400915
0.00528586987991673,0.106232786438213
0.00494050983690182,0.106700601433138
0.00515103470144624,0.110110439485525
0.00480195221485393,0.108651850505234
0.00466339459280603,0.109986214001121
0.00448885334950988,0.109256616521989
0.00857692360718569,0.104126407005105
0.00790771097293646,0.104272447696526
0.00869521459197882,0.10364950234059
0.0084615278562861,0.104576648638822
0.00893179656156508,0.102696298989532
0.00802600195772958,0.103795543032011
0.00881350557677195,0.103172597676074
0.00835729943611873,0.102578133284855
0.0083606082748542,0.103722825675287
0.00823073635448692,0.105478343862201
0.00779231522203687,0.104722689330243
0.00834613210538651,0.105027496250511
0.00812692153916149,0.104649971973519
0.0072078915803841,0.102341801875502
0.00745150483228324,0.103677377327334
0.00778238870583045,0.102459967580178
0.00790440213420099,0.103127755306095
0.0064005349289289,0.105625596509567
0.00718224808018419,0.104772379524004
0.000456619745495154,0.111983517399143
0.00123378324348917,0.110840642942629
0.000456619745495154,0.110958202669333
0.000987853804475204,0.112124104288809
0.000456619745495154,0.108908785165659
0.00123378324348917,0.109815328212819
0.000456619745495154,0.109933493917496
0.00105316200901659,0.10851186959354
0.000845201494492162,0.110386765441076
0.00293680118015248,0.110323743731915
0.00206049660154688,0.110287385053553
0.0027066300856162,0.109455377297035
0.00264132188107482,0.111017588510658
0.00224624653605945,0.107718644427275
0.0018303255070106,0.109419018618673
0.00164970427253802,0.108115559999394
0.00247641763059573,0.108587010862155
0.00144174375801359,0.10896514111712
0.00226845711607131,0.109437197957854
0.0020503632829195,0.112405884046115
0.00176501730246922,0.110981229832296
0.00151908786345525,0.112264691178476
0.00234584258199716,0.1117114332894
0.00137643555347221,0.111552667060552
0.00220314891152992,0.110999409171477
0.000307242220782265,0.115459407050554
0.000785683757737857,0.114962505112939
0.000307242220782265,0.11467102970807
0.000307242220782265,0.113094275023103
0.000785683757737857,0.114174127770456
0.000307242220782265,0.113882652365587
0.000838501096052831,0.113235467890742
0.000546454717163222,0.114422578739263
0.00171033874236554,0.115553939614295
0.00125338811299684,0.11499401596752
0.00177386844608661,0.11487524428487
0.00190101057449713,0.113517247648048
0.00131691781671791,0.114314714660122
0.00136973515503288,0.113376054780409
0.00183743951029187,0.114195942977473
0.00107773013662747,0.113774788286446
0.00154539313140226,0.11459467648351
0.00701556532888478,0.108903937341878
0.00648863276026085,0.10863973094578
0.00692664028786897,0.109229347513218
0.00674920381067928,0.109878955899953
0.00640012132408697,0.108964535139148
0.00683812885169509,0.109554151706585
0.00634966153337102,0.110004999318275
0.006663174003557,0.109097244315169
0.00606344698275268,0.106666666666667
0.00617139784649746,0.107893772061386
0.00571808693973777,0.107133875683619
0.0055505769787545,0.110257086154918
0.00600016544193677,0.109090578557469
0.00595011925606276,0.110131042736597
0.00537603573545834,0.109527488675787
0.00617512029007486,0.109548091926858
0.00502695324886603,0.108068899695496
0.00582562419864062,0.10836158705631
0.00537231329188094,0.107601690678544
0.00520149449216219,0.108798497174628
0.0057718555691892,0.107747731369965
0.00560103676947045,0.108944537866049
0.00788703073083975,0.107142359375237
0.0074705306550122,0.106942386644245
0.00797595577185557,0.106795739974852
0.00768312354376629,0.107590783075035
0.00727489556477741,0.108487630474632
0.00726662346793873,0.107390810344044
0.00747880275185088,0.108039206774834
0.00701142928046544,0.108355527276583
0.00747466670343154,0.10749079670954
0.00815339224904526,0.106102501174082
0.00755945569602801,0.106595767243861
0.00806446720802945,0.106449120574467
0.00793418168282023,0.10572497689709
0.00776749893152082,0.106695753609356
0.00632277721864531,0.106250359799421
0.00694938855417534,0.106644851459649
0.00671363379427295,0.105823145328667
0.00637654584809673,0.106863609507794
0.00749534694552824,0.104969928343105
0.00734024512980298,0.106218242966868
0.00771455751175327,0.105347452620097
0.0071044903699006,0.105396536835886
0.00763721340631161,0.105971609931979
0.007026732659617,0.106020694147768
0.00648449671184151,0.108091320880486
0.00700315718362676,0.107258707145995
0.00674796299615347,0.108223424078535
0.00643072808239008,0.10747746519414
0.0070072932320461,0.107807117211289
0.00669005831828271,0.107061158326895
0.00027016254670288,0.117685770122256
0.000674424055257607,0.116789528700632
0.00027016254670288,0.117079186171583
0.00057743371982408,0.117479131633565
0.00027016254670288,0.115866624248209
0.000674424055257607,0.116183550727931
0.00027016254670288,0.116473208198882
0.000509395723325934,0.115618173279401
0.000472295369004453,0.116631368449757
0.00167323838804406,0.11596115681195
0.00114212841051659,0.116215061582511
0.00151284243034205,0.116328985441379
0.00144476307335971,0.115681194988562
0.00119200915445383,0.117065248678211
0.000981732452814581,0.116582890211941
0.000884742117381054,0.117271887166901
0.00135244647264004,0.116696814070809
0.000779603766561427,0.117030707933767
0.00124726676133622,0.116456240815646
0.000987812443991011,0.115120665363814
0.000913653095832242,0.115934493781151
0.000748583403416376,0.115369116332621
0.00121628775867536,0.115400627187202
0.000711524409579088,0.115776333530276
0.00117918740435388,0.115807844384857
0.00242827402699461,0.118648063142905
0.00225079618932072,0.117938462936872
0.00254656501178774,0.118409913799633
0.00278318834185819,0.117933615113091
0.00236912853459804,0.117700313593601
0.00266489735706506,0.118171764456362
0.00273285263259482,0.117589419624597
0.00245784677319289,0.118055416685603
0.00199460935022679,0.116272023511945
0.00210624129706478,0.117146449726552
0.00183421339252478,0.116639852141375
0.00220711951801249,0.1164816918905
0.00151342147712076,0.117375509400233
0.00194584533936277,0.117514278355982
0.00167381743482277,0.117007680770804
0.00189005004618587,0.117077368237665
0.00263218121406808,0.116901634625581
0.00231875146485048,0.11735672408308
0.00268251692333145,0.117245224136103
0.00241967104628238,0.116691360269054
0.00252580204872265,0.117473071853838
0.00226295617167358,0.11691920798679
0.00225149931755201,0.118907421715221
0.00172047206099293,0.118715932675847
0.00204742668854177,0.119106788468239
0.00216278107895716,0.118552924601191
0.00163924007003709,0.119505521974276
0.00151639943198268,0.118915299428866
0.00184331269904733,0.119306155221258
0.00146180359284739,0.119527337181293
0.00178189238002013,0.119011043948552
0.000414762935491431,0.118255389416595
0.001108212813478,0.11849899256162
0.000645471716322226,0.11869411746883
0.000722071333048405,0.118048750927904
0.00110684791749962,0.119570361617355
0.0013389215943088,0.118937114635883
0.00128432575517351,0.119548546410338
0.00087618049715302,0.119132239543093
0.001400341913336,0.119232225908588
0.000992196655315511,0.11881531306337
0.00133664676767816,0.117634867972549
0.00141552121103498,0.118291748094957
0.00102933837012119,0.11784150646124
0.00155283801855707,0.117703949461437
0.00106879627204169,0.118170552500417
0.00198530324128328,0.117843324395158
0.00163175382239808,0.118361435561817
0.00207402147987812,0.118197821509188
0.00176907062992017,0.117773636928298
0.00189724677043553,0.118457180081504
0.00159229592047758,0.118032995500614
0.00139752940041085,0.0495144601493736
0.00405651220823625,0.0460791710221333
0.00139752940041085,0.0465178990743686
0.00301861221788703,0.0501307397476102
0.00139752940041085,0.0405241709463861
0.00405651220823625,0.0430826099471284
0.00139752940041085,0.0435213379993637
0.00273450705196256,0.0392564650274963
0.00272702080432355,0.0447999515217622
0.00890573945652324,0.0409477495493039
0.00655935918823156,0.0432238028147677
0.00773978740711125,0.0395382447848021
0.0054082969131292,0.0367198412337712
0.00539340713881957,0.0418142980502659
0.00407148470351426,0.0379881531306337
0.00657424896254119,0.038129345998273
0.00406399845587526,0.0405350785498947
0.00656680407538637,0.040676271417534
0.0062607364923552,0.0513626929661107
0.00567755366522824,0.0466954506203699
0.00463981911681579,0.0507464133678741
0.00434822770325231,0.0484127921950037
0.0144302593302359,0.0298262358163281
0.0119577295851543,0.0307036919207987
0.0102396150717604,0.037643351664167
0.0105609860339432,0.0333093972034117
0.00907366302234845,0.0362338468996652
0.00742131167882205,0.0251093032768259
0.00962127583306908,0.0291317850596131
0.00719506983028415,0.0278780166340953
0.0067421725283664,0.0334148373706616
0.00939503398453118,0.0319004984168825
0.00790812457777839,0.0348243421351634
0.00696882798174624,0.0306467299913648
0.00923455530586078,0.0340668696692875
0.0082948451049867,0.0298892575254889
0.0154349054912936,0.0312460422063658
0.0149716680683275,0.0349637170688845
0.0141986406187528,0.0316853762365738
0.0176596859360567,0.040534472571922
0.0157132615499152,0.0380596585314124
0.01654832972578,0.041151964126104
0.0112442612328182,0.0390631580542047
0.0135745109122744,0.0375694223514975
0.0122712420553403,0.0401708857883016
0.0114047399114886,0.0368961808238271
0.0143256173052266,0.042386947234468
0.0146019053396385,0.0386771500855944
0.0154369735155033,0.041769455680286
0.0132986364827044,0.0412786135223985
0.0155751175327092,0.0399145571058492
0.0134367804999104,0.0394243209259343
0.0117261108736713,0.0325628323410444
0.0137354031957867,0.0354024451211198
0.0129623757462121,0.0321241042888091
0.011565218590159,0.0347298095714221
0.0139670219072698,0.0335439106788468
0.0125698647512167,0.0361496159614598
0.0161396881419492,0.0276307776212335
0.0170851888106103,0.0241173173355148
0.015131733142156,0.0181248011634777
0.0167493416789599,0.0209486585162629
0.0200776198420029,0.019288278871063
0.0183979705789089,0.0213364844187914
0.0109419160933644,0.052406793013074
0.0104737154122951,0.0493775091275432
0.00978589056015882,0.0523504370616128
0.0101192560627576,0.0418227817418837
0.0101994954020928,0.0458495053704798
0.0111462368852798,0.0429311154539532
0.00894585912619084,0.0429608083746156
0.00747425309858961,0.0522383311366632
0.00931810348393145,0.0493211531760821
0.00863027863179518,0.0522940811101516
0.00718266168502613,0.0499041039858201
0.00955179021962417,0.0508360981078338
0.0132006121351661,0.045146570922147
0.0112268898294569,0.0469572331045766
0.0121736313126439,0.0440388431880501
0.0111863565549474,0.0449441742792649
0.00659947885789916,0.0452368616400794
0.00902651207036797,0.0469875320032117
0.00777287579446597,0.0440988350073475
0.00689107027146264,0.0475704828129498
0.00898597879585844,0.0449738671999273
0.00810458687769705,0.0484461209835023
0.0157943280989343,0.00625551061218925
0.0164991107495898,0.00919753366965111
0.0164867026043318,0.00662152130770046
0.0147909227524024,0.0076147192049569
0.0194679663049922,0.00819888197064037
0.0177233810817145,0.00984593010044085
0.0189356568734231,0.00791710221333455
0.017870624405443,0.0073541486766956
0.0171910716501455,0.00956415034313503
0.0171786635048874,0.00698753200321168
0.0184029338370121,0.00763532245602872
0.0168386803248177,0.00809283582541774
0.0180633642617843,0.00874062627823479
0.0149551238746502,0.0152021694011423
0.0162191002716005,0.0121801572512839
0.0142313154012656,0.0135793603902498
0.0127841120593385,0.0103343483464376
0.0154957054030579,0.0105573482403915
0.0137875174058704,0.00897453377569725
0.0135075069278811,0.0119565513793574
0.0151433140777301,0.00908603372267418
0.0148633035997408,0.0120680513263343
0.00684143769043056,0.0141429199048615
0.00895537203755532,0.0162541471617507
0.00697544565921718,0.0166456089321153
0.00825224380626749,0.0134266539411292
0.0132452814580949,0.0168619430683695
0.0110899866267768,0.0171600842309382
0.0125214729847104,0.0152397400354497
0.00724387520163236,0.021650986986623
0.00908938000634194,0.0187568361890045
0.00710986723284574,0.0191482979593692
0.00803261963520053,0.0177012225605599
0.0110742696427833,0.0119941220136648
0.0103661781533922,0.0155378811980185
0.00966346352694635,0.012710387977397
0.0117980781161678,0.0136169310245573
0.00930941778225084,0.0144822675695738
0.0114440323714723,0.0153888106167341
0.000827954172583514,0.0617683043221379
0.00234778652475425,0.0588679119514006
0.000827954172583514,0.0587716826493357
0.00225100299174169,0.0613332727355361
0.000827954172583514,0.0527782575103395
0.00234778652475425,0.0558712902785984
0.000827954172583514,0.0557750003787362
0.0024490369900597,0.0533945371085761
0.00158787034866888,0.0573214561650684
0.00509726607199482,0.0604632095623324
0.00377087670439662,0.0584328803647987
0.00367409317138406,0.0608982411489342
0.00529496918643927,0.0585177778787741
0.00301096052831125,0.0598830826099471
0.00569120262501206,0.0546269145116575
0.00396886934223043,0.0564874486812404
0.00407007844705169,0.0540108167068127
0.00549308590572567,0.0565723461952158
0.00320895316614506,0.0549409928949083
0.00463196062481905,0.0575025829811086
0.0166074752181766,0.0306170370707025
0.0184893772489763,0.0330754897059492
0.0163758565066935,0.0324755715129755
0.0188322556629396,0.039904861458286
0.0192305571257221,0.0361720371464497
0.0178590434698689,0.0386680604160039
0.0218495029848483,0.0311254525897984
0.0202364441013056,0.0332451635383054
0.0159126190837274,0.0361932463754943
0.0182573449326513,0.0349346301261949
0.0161442377952105,0.0343347119332212
0.0168858312767981,0.0374306533957491
0.0173168075220934,0.0337051008195852
0.0180584010036811,0.036801042282113
0.00981732452814581,0.0708757896650457
0.0095886010505563,0.0675138238725022
0.00863441468021452,0.070038934084746
0.00668881750375691,0.0625669226923601
0.00854590324404064,0.0647440197548819
0.00654901906718321,0.0644994470450999
0.00779976010919168,0.062048811525701
0.0125264362428136,0.0642846884515748
0.0104919140253402,0.0653166083412868
0.0116913680669488,0.0631939886985108
0.00626900858919388,0.068364616946174
0.00840610480746695,0.0666763623142299
0.00745191843712517,0.0692014725264737
0.00640880702576758,0.0664321531912315
0.00852025974384073,0.0683573452105016
0.00747756193732508,0.0655879652774622
0.0100212317152193,0.0610125891923829
0.00965684584947541,0.0642259085882228
0.00891070271462644,0.0615307003590419
0.0108562998910841,0.0621032889454468
0.00872830297933354,0.0631373297580633
0.0106739001557912,0.0637099183444682
0.0195552369266403,0.0420942598736536
0.021399914521666,0.0427390204366071
0.0200490811079095,0.0433631777484888
0.0210375966801318,0.0459010134981593
0.0218937587029352,0.0440079383114424
0.0205433388940207,0.0446320956233241
0.0209714199054224,0.0436855580299656
0.0233711551983235,0.0306091593570574
0.0248009871368894,0.0316968898180551
0.022622116829581,0.028607614113227
0.02255345842582,0.025692254086564
0.0213180207629631,0.0197566998439607
0.0221187597369473,0.0227417473374843
0.0204779893289951,0.0207808026178248
0.0248377979678215,0.0258170855489403
0.0232921566735141,0.0247620778984684
0.018798340065901,0.0228290081655532
0.0212791419078213,0.0237658501113485
0.019638371499869,0.021804905391689
0.0208783588159872,0.0222733263645866
0.0255194187473288,0.0151336938902271
0.02472198861208,0.0174939780938963
0.0259615623233563,0.0161802178490812
0.0268458494754112,0.0182732657667894
0.0251641321881075,0.0185405020527504
0.0264037058993837,0.0172267418079353
0.0255628472557319,0.0173600569619294
0.0217688500406711,0.0183665863745853
0.0234716611749135,0.0185714069293581
0.0221692195276633,0.0198591101213471
0.0229703721064895,0.0228441576148707
0.0238720306619056,0.0200639306761199
0.0225695890146554,0.0213516338681089
0.0230208318972054,0.0199615203987335
0.012072711731212,0.0548329470223757
0.013865688720996,0.0566555469708676
0.0118295120841548,0.0562040327834083
0.0138483173176347,0.0622182429668681
0.0144575572498035,0.0591172718871669
0.01301324914177,0.0611275432138042
0.0167787076227372,0.0542839309791089
0.0154344918864517,0.056472541623112
0.0169296733900432,0.0597012467996788
0.0154849516771676,0.0582782953839628
0.0113435263948823,0.0589461437076762
0.0136229026787807,0.0580265721341029
0.0115863124370976,0.0575750579466436
0.0121781809659052,0.0600368434607402
0.0127262073814677,0.0571153024587556
0.0133180759102753,0.0595770637337333
0.0144774102822164,0.0640150888515202
0.0163448361435485,0.0645077489433259
0.0175587663546248,0.0614980987441106
0.0173722305709125,0.0636687724401218
0.015049839383453,0.0793709948643367
0.0139926654074697,0.0774476207789847
0.0153765872085809,0.0786662424820858
0.0160300828588367,0.0772579496735294
0.0143198268374395,0.0767434743747065
0.0157033350337088,0.0779620960778076
0.0148480002205892,0.0777051614173825
0.0108145258020487,0.0735390628550652
0.0125810320819489,0.0755042494205335
0.0108054264955262,0.075173385447439
0.0116744102684295,0.0733560575073096
0.0107864006727972,0.0784420306321865
0.0125719327754264,0.0771379660349346
0.0107959135841617,0.0768077080398128
0.0116884728330553,0.0761556757411868
0.0133941792011912,0.0729894408338257
0.0134409165483297,0.0753206380948053
0.0125342947348104,0.073173052159554
0.0125578702108006,0.0743383478010574
0.0183330346187253,0.0433262130921541
0.017732893993079,0.0464354860700814
0.0172216784084486,0.0439437046463361
0.0188268787999945,0.0445951309669893
0.0174462658376187,0.0518898938023603
0.0174375801359381,0.0492902482994743
0.0149989659878952,0.0451786877547001
0.0166219513876442,0.0470529776242634
0.0161103221981719,0.0445611962005181
0.0169218148980464,0.0454986441242861
0.0198153943722168,0.0471335726946326
0.0182271517791902,0.0477050099228893
0.0193211365861056,0.0458640488418246
0.0185270152895923,0.0461500704449393
0.0241619676561014,0.0498616855277311
0.0228264376214964,0.0503149570513112
0.0238898156701088,0.0510572800678695
0.0233455116981236,0.0534496811040919
0.0225542856355038,0.0515111575694224
0.0236176636841162,0.0522534805859807
0.0225613169178167,0.0535248223727067
0.0232218438503853,0.0512845218076323
0.0209966498007803,0.0477710615219137
0.0217709180648808,0.0496180823827054
0.0209921001475191,0.0536757108879092
0.021769677250355,0.0515862988380372
0.0217767085326679,0.0536005696192943
0.0221654970840859,0.0525558635943583
0.0281358829774034,0.0394885545910406
0.0268570168061434,0.0395279431592662
0.0279584465002137,0.040095138541714
0.0276035735458343,0.0413083064430608
0.0266795803289537,0.0401345271099396
0.027781010023024,0.0407017224923874
0.0273190134145837,0.0401145298368404
0.0246917954586188,0.038390522504507
0.0257088497649346,0.0391619324637549
0.0174657052651896,0.0747722280295111
0.0166145065004894,0.073618445969489
0.0177349620172887,0.0740117256737718
0.0172142335212938,0.0753133663591328
0.0182730619166448,0.072490720962293
0.0168837632525885,0.0728579436137496
0.0180038051645458,0.0732512233180324
0.0173093626349386,0.0734348346437607
0.016711290033502,0.0763968549743217
0.0163630347565936,0.0741601902770834
0.0169627617773979,0.0758551106667273
0.0158559552203824,0.0761399203138966
0.0167886341389437,0.0747364753291218
0.0140753863758565,0.072128346134618
0.0154845380723257,0.0727367480192095
0.0140985482470048,0.0732936417761214
0.0141456991989853,0.075624839037101
0.0155081135483159,0.0739026496386856
0.0150010340121048,0.0758823796754988
0.0141221237229951,0.0744595433955976
0.0156818275819282,0.0750212849762911
0.0148033308976604,0.0735984486963899
0.01480539892187,0.0805108394309867
0.0132593440227207,0.0808671544789347
0.0141932637558077,0.0817064339711251
0.0142768119338784,0.0795491523883107
0.0129685798188411,0.0840988350073475
0.0126472088566583,0.0820633549970459
0.0135807149849034,0.0829026344892363
0.0122968855555402,0.0838673514217758
0.013420236306233,0.0818851974730719
0.0105419602112142,0.0795818751988365
0.0118386113906773,0.0805574997348846
0.0106792770187363,0.0808562468754261
0.0114345194601078,0.0789298429002106
0.0109534970289386,0.0834049902286052
0.0119755145933575,0.0818318714114742
0.0116251912922394,0.0836364738141769
0.0108161802214165,0.0821306185520156
0.0121364068768698,0.0828499144056114
0.0113273958060469,0.0813440591434501
0.013220051562737,0.0776263842809314
0.012731170639571,0.0799060734142314
0.0137482249458867,0.0785874653456347
0.0123274923138434,0.0782778106015846
0.0135037844843037,0.0797273099122847
0.0120830518522604,0.0794176551682346
0.0126277694290875,0.0856246875426078
0.0116243640825555,0.086642730536745
0.0123556174430949,0.086820888060719
0.0119560751657866,0.0853938099350089
0.0118113134711097,0.0892132890969413
0.0113522120965629,0.0878383250768835
0.0120834654571023,0.0880170885788302
0.0110349771827996,0.0890811858988926
0.0118539147698289,0.0873299095577876
0.00948189100133732,0.0888169795027951
0.0105758758082528,0.0877062218788347
0.0102586408944894,0.0889490827008438
0.00985909861718114,0.0875220045751337
0.0108054264955262,0.0883934008998773
0.0106126866391849,0.0849314487418382
0.0109526698192547,0.0864112469511733
0.0112843809024858,0.0851629323274099
0.010235892628183,0.0862264236694996
0.0114543724925206,0.0859028314320774
0.0104058842182179,0.0869663227741672
0.0222440820040533,0.0582504809950158
0.0208824948644065,0.0587381720674453
0.0220521693573959,0.0590673393022164
0.0216637944108199,0.0574289566574255
0.0216675168543973,0.0607010195579391
0.0206901686129072,0.0595550121953067
0.0218598431058966,0.0598841794300777
0.0213709621827306,0.0593111848384311
0.0182896061103222,0.0600550458270842
0.0195643362331628,0.059339665803148
0.020503219224353,0.0557859079822448
0.0203022072711731,0.057916647729855
0.0210835068175865,0.0566074323198352
0.0209830008409965,0.0576728021936403
0.0284663532461087,0.0230895786938145
0.0278484276122592,0.0242185156569559
0.0286202142473081,0.0238216000848369
0.028927936249707,0.0252862488448545
0.0280018750086168,0.0249505370479783
0.0287740752485076,0.0245542274538321
0.0283112514303834,0.024386371555394
0.0260926750582493,0.0259540365707707
0.0270572015496395,0.0251729309639595
0.00957950174403375,0.0996294444696935
0.00873781589069803,0.0995524852671605
0.0094256407428343,0.100248753957794
0.00928915114499607,0.0985992819161023
0.00911791874043539,0.101487978911967
0.00858436849434051,0.100171794755261
0.00927177974163484,0.100868669423866
0.00854342161498904,0.101370419185263
0.0090050046185874,0.100210577345513
0.00870844994692071,0.0965395627868927
0.00844746529166035,0.0985223227135694
0.00899880054595839,0.0975691193625112
0.00808845628886162,0.0972715841779151
0.00886810141590724,0.0985604993258495
0.00739401375925441,0.101134087775909
0.00800945776405222,0.100053629050584
0.00796851088470076,0.101252253480586
0.00721202762880344,0.100334196851944
0.00827623288709966,0.100711721128937
0.00684846897274344,0.09873562695996
0.00782747163360126,0.0992543441045918
0.00746846263080253,0.0980036055689376
0.00703004149835247,0.0995349119059522
0.00795775715881047,0.0982629641412535
0.00751974963120235,0.0997942704782681
0.0045401403499097,0.115032798557772
0.00368873478278852,0.115064915390326
0.00420015716983993,0.115481222257571
0.00432754746115561,0.114533472708267
0.00351981856534267,0.116378069657168
0.00334858616078199,0.115513339090124
0.00385996718734921,0.115929645957369
0.00331566321536404,0.116344134890697
0.00377435098506886,0.115496977684861
0.00226986337253388,0.115646048266146
0.00293196200350185,0.115269129967126
0.00233339307625495,0.114966746958748
0.00248237354031958,0.1158557166447
0.00246053520466546,0.113608750321926
0.00299549170722292,0.114589828659728
0.0023969641404602,0.114288051629323
0.00294118539147698,0.113583905225045
0.00266444239173893,0.114778287809238
0.00290739387589097,0.116275659379782
0.00314447217128755,0.11547879834568
0.0031115492258696,0.116309594146253
0.00269488370810528,0.116065991001227
0.00323008837356789,0.115911466618188
0.00281342285580356,0.11566725749519
0.00390252712558422,0.113534821009256
0.00347618325451863,0.11456558954082
0.0041151200143383,0.114034146858762
0.0034218769387727,0.113559666106137
0.00390190671832132,0.114549228135557
0.0032087050032399,0.114074747382933
0.00487474666703432,0.104616037207048
0.00563040271324776,0.104040964110955
0.00525278149256201,0.104903270766108
0.00500379137771773,0.103823418018755
0.00681662139991452,0.102193943250163
0.0062776942908745,0.103233195473345
0.0062983745329712,0.102208486721508
0.00693822122344312,0.102861730976079
0.00600926474845932,0.105477737884228
0.00600843753877545,0.104328197670015
0.00563122992293163,0.105190504325168
0.00640012132408697,0.105051129391447
0.0056308163180897,0.104615431229075
0.00526229440392649,0.10223817964217
0.00575944742393118,0.103248344922662
0.00513324969324308,0.103030798830463
0.00578054127086981,0.102223636170825
0.00538182620324542,0.103535578481722
0.00602911778087215,0.102728415822085
0.00718183447534226,0.104197306427911
0.0063992941144031,0.103900983199261
0.00706023465181366,0.103529518701995
0.00679097789971461,0.104623914920693
0.00666896447134408,0.103381660076656
0.00639970771924503,0.104476056295354
0.0148455185915376,0.0278810465239588
0.0132030937642177,0.0248675180657183
0.0136092537189969,0.0283197745761942
0.0153182689258682,0.0261237104031268
0.0138379771965864,0.0183750700662031
0.0128672466325672,0.0216988592464664
0.0146465746625674,0.0197869987425957
0.0127601229785063,0.0185241406474875
0.00783657094012381,0.023163508006484
0.0108666400121324,0.02329500522656
0.00893634621482635,0.0251747488978776
0.0087593233424786,0.0217164326076747
0.0111367239739153,0.0291972306806648
0.0119668288916769,0.0253062461179536
0.0123729888464561,0.0287585026284295
0.0100365350943708,0.0271859897892712
0.0127878345029159,0.0268127073580875
0.0104517943556726,0.0252408004969019
0.0162641831993713,0.0226102501174082
0.0136758440985482,0.023110787922859
0.0157914328650407,0.0243669802602675
0.0154551721285484,0.0211983214410156
0.0144972633146292,0.0246172491629929
0.0141614161829788,0.021448590343741
0.0106044145423462,0.0188222818100562
0.0117893924144872,0.0218479298277508
0.0116822687604263,0.0186732112287718
0.00968207574483339,0.0202693572088655
0.0122749644989177,0.0201857322486328
0.0102743578784829,0.0217824842066991
0.0166277418554313,0.0290663394385614
0.0185501771607406,0.0284240027874987
0.0171009057946038,0.0273096092957021
0.0175686928708312,0.0302958687451711
0.021869769622103,0.0295747549576573
0.0202972440130699,0.0285936766198549
0.0210632401803317,0.0306346104319108
0.0218358540250644,0.0281173779333121
0.018046406463265,0.0237961490099835
0.0190229274950712,0.0266672726446394
0.0175736561289344,0.0255528791528428
0.0192868073842251,0.0242645699828811
0.0180617098424166,0.0269884409701707
0.019450181296789,0.0327549273583905
0.0194907145712986,0.0296535320941084
0.0185096438862311,0.0315253980517808
0.0202567107385604,0.0316944659061643
0.0185299105234859,0.0299747004196397
0.0202769773758151,0.0301443742519959
0.0217671956213034,0.0252014119286764
0.0202633284160313,0.027135693617537
0.0218015248231839,0.0266593949309943
0.0205267947003433,0.0247329909557788
0.0210495912205479,0.0276265357754246
0.0197748610977072,0.0257001318002091
0.0203543214812568,0.00878668060416004
0.0203824466105083,0.0116087200230272
0.021136448237354,0.00958414761623415
0.019482028869618,0.00961020466906028
0.0227011153543904,0.0111784756624097
0.0211649869714475,0.0124061870351013
0.0219189885982932,0.0103816146283083
0.0211509244068217,0.0109948643366814
0.0207873657507617,0.0169534457422473
0.0205267947003433,0.0143307730763987
0.0177374436463403,0.0112566468208881
0.0195101539988695,0.0124322440879274
0.0186097362579791,0.0104331227559878
0.0194960914342437,0.0110209213895075
0.0119296044559028,0.0531539638534139
0.0134371941047523,0.0516196276265358
0.0116955041153682,0.0516396248996349
0.0128262997532158,0.0540655365177476
0.0166356003474281,0.0526049478101471
0.015005997270208,0.0514366222787802
0.0159634924792853,0.0536993440288445
0.0166314642990087,0.0513051250587041
0.0141883004977045,0.0458937417624869
0.0141903685219142,0.0491993516035692
0.0132014393448499,0.0467990728537018
0.014999793197579,0.0468311896862549
0.0112277170391408,0.0486097350361314
0.0132030937642177,0.050104682694784
0.0114618173796755,0.0501246799678832
0.0122145781919954,0.0477044039449166
0.0124495057422139,0.0508718508082231
0.0132022665545338,0.0484521807632293
0.0146196903478417,0.0558880758684422
0.0143338894020653,0.0525304125195049
0.0137229950505287,0.0549768061930949
0.0152917982159844,0.0547938008453393
0.0135803013800615,0.0532981866109167
0.0151486909406753,0.0531151812631611
0.0166227785973281,0.0487060855337908
0.0150014476169468,0.0501367995273372
0.0166269146457475,0.0500053023072611
0.0158112858974536,0.0477686376100229
0.0158162491555568,0.0507209622930206
0.0150006204072629,0.0484836916178097
0.0139215253746571,0.0649599297065552
0.0146780086305544,0.0673423321062279
0.0148554451077441,0.0652063203502553
0.0137920670591317,0.0710012271053947
0.0146345801221513,0.0693559969095123
0.0144964361049453,0.0713060340256632
0.0167228709690761,0.0656989804420609
0.0156115147587994,0.0675889651411171
0.0157893648408311,0.0654526503961581
0.0152334799332718,0.0663976124467876
0.0159060014062565,0.0719144359102546
0.0153393627728069,0.0696608038297808
0.0152012187556009,0.0716102349679589
0.0149178994388761,0.0704831159387356
0.0258866998469662,0.0270750958202669
0.0264388623109481,0.0285355027344756
0.0258155598141536,0.0314975230650366
0.0264148732301159,0.0300098471420564
0.0105150758964885,0.0715447893469072
0.0116822687604263,0.0695202169401142
0.0113749603628693,0.0713617839991516
0.0104009209601147,0.0698638064506355
0.0132241876111563,0.0649535063400445
0.0125855817352102,0.0673229408111015
0.0122067196999986,0.0654694965837992
0.013602222436684,0.0661447378387796
0.013094729295631,0.0709951673256677
0.0125421532268071,0.0693372115923586
0.0122348448292501,0.0711781726734233
0.0135157790247198,0.0701722492387402
0.0119585567948382,0.0703491948067688
0.0101721974825252,0.0665012346801194
0.0115681138240525,0.0678392340438425
0.0102867660237409,0.0681822175763911
0.0111896653936829,0.0659854262297565
0.0109845173920836,0.0688512172582527
0.0118874167620256,0.0666545471072126
0.0143582920877394,0.0685270190428578
0.0129636165607379,0.0685142935054311
0.0139802572622117,0.0673362723265009
0.0139372423586505,0.0693499371297853
0.0132829194987109,0.0673296065688012
0.0132394909903079,0.0693432713720856
0.027279307349758,0.0192191973821752
0.0264636786014642,0.021377690920935
0.0275514593357506,0.0203154115347907
0.0264384487061062,0.0193525125361693
0.0280957633077358,0.0225078398400218
0.0267358305874567,0.0224739050735506
0.0278236113217432,0.0214116256874063
0.0277863868859691,0.0230726113105789
0.0271436449616037,0.0213946583041706
0.0257220851198765,0.025372297716978
0.025944604524837,0.0234289263585269
0.0249490576703018,0.0248450968807284
0.0262043483655715,0.0249820479025587
0.0234034163759944,0.0237900892302565
0.0251719906801042,0.0229011195443046
0.024176443825569,0.0243172900665061
0.0238542456537025,0.0223999757608811
0.025060730977624,0.0238731082125165
0.0247563178139605,0.0196197488221303
0.0256228199578123,0.0215110060749292
0.0255971764576124,0.0194858276901635
0.0243054885362525,0.0210098622915057
0.0260306343319592,0.0204317593055492
0.0247385328057574,0.0219551879289188
0.0271684612521197,0.0242009422957476
0.026426867770532,0.0230380705661349
0.0274774240690444,0.0236367768031632
0.0266861980064247,0.0245917980881395
0.0271068341306716,0.0230556439273432
0.0263156080680518,0.0240100592343468
0.01945679897426,0.0410289505976458
0.021105014269367,0.0395430926085837
0.0196561565080722,0.0391619324637549
0.0203791377717728,0.0413513308791226
0.0236197317083259,0.0382038812889151
0.0224922449092137,0.0386014028390068
0.0200548715756966,0.0354291081519187
0.0213039581983373,0.0376760744746928
0.0198555140418844,0.0372955203078368
0.0204800573532047,0.0384190034692239
0.0222238153667986,0.0419960914420761
0.022026939462038,0.0398654728900604
0.0213014765692857,0.0416737111605993
0.0212030386169054,0.0406084018845915
0.0227933492341417,0.0312836128406732
0.023067155639502,0.0337190383129573
0.0219868197923704,0.0323434683149268
0.0235080584010037,0.0318271750821858
0.0239382074366151,0.0372379524004302
0.0234489129086071,0.0357042221515248
0.0233748776419009,0.0374367131754761
0.0203737609088277,0.0344631792634338
0.0222606261977307,0.0347788937872108
0.021180290350599,0.0334033237891803
0.0209983042201481,0.0355866624248209
0.0221237229950505,0.0335608780620824
0.0249378903395696,0.0329149055431835
0.023781864806364,0.0342632065324425
0.0242227675678657,0.032371343301671
0.0236449616036838,0.0330451908073142
0.0222478044476307,0.0378342347255677
0.022885169509051,0.0359029829265706
0.0228111342423449,0.0376354739505219
0.0216228475314684,0.0367107515641806
0.023130023575476,0.036669545062037
0.0219417368645996,0.0357448226756957
0.0245118773523775,0.0489206017361269
0.023876166710325,0.0474923116544714
0.0248390387823473,0.0482728112833099
0.023844319137496,0.0491472374979169
0.0254925344326031,0.0469772303776758
0.0242033281402948,0.0468445212016543
0.0251657866074752,0.0476250208304928
0.0245209766589001,0.0475583632534957
0.0213465594970565,0.0468305837082822
0.0228210607585513,0.0467954369858656
0.0217746405084582,0.0458840461149237
0.0217336936291068,0.0477540941386781
0.0226312161361036,0.0439909709282068
0.0232495553747949,0.0458495053704798
0.0222031351247019,0.0449375085215652
0.0225120979416266,0.0458664727537154
0.0225083754980492,0.0496011149994698
0.0232086084954435,0.0477189474162614
0.0231763473177726,0.049373873259707
0.0221212413659989,0.0486776045690739
0.0235262570140488,0.0484333954460755
0.0224711510622751,0.0477365207774697
0.0179980146967587,0.0525679831538124
0.0190936539230419,0.0513251223318032
0.018786345525485,0.0529509612325592
0.0179938786483394,0.0512681604023694
0.0203671432313568,0.0478116620460846
0.019883225566294,0.0497398839552182
0.0195730219348434,0.0480976836491993
0.0207546909682489,0.0487351724764805
0.0203630071829374,0.0537163114120802
0.0198819847517682,0.0517081004105501
0.0195746763542112,0.053333939311306
0.0207517957343554,0.0526716053871442
0.0193339583362056,0.0523292278325683
0.0179851929466588,0.0486685148994834
0.0190891042697807,0.0500252995803602
0.0179893289950781,0.0499683376509264
0.0187793142431721,0.0483830992743414
0.01854149145906,0.0506470329803512
0.0193310631023121,0.0490611886257935
0.0215289592323494,0.0505821933372722
0.0202703596983442,0.0506633943856141
0.0211418251002992,0.0496586829068763
0.0211401706809314,0.0516268993622082
0.0205127321357175,0.0496992834310473
0.0205110777163498,0.0516674998863791
0.021111631946838,0.0634300171188777
0.0202062509478444,0.0627153266978745
0.0212597024802504,0.0628016785589844
0.0215554299422332,0.0615450014391977
0.0203539078764149,0.0620869881379812
0.0214077730136627,0.062173339999091
0.0210669626239091,0.0609719886682119
0.0208068051783326,0.0624443333484828
0.0181775191981581,0.0608990289202987
0.0192280754966705,0.0618716841642806
0.018084044503881,0.061984396067203
0.0188148842595784,0.0605413625414716
0.0178975087201688,0.0641550697632141
0.0191346008023934,0.0629570513111848
0.0179909834144458,0.0630697632141072
0.0186093226531372,0.0624706933902953
0.020089614382419,0.0598260055446984
0.0198654405580908,0.0615139753669954
0.0205780817007431,0.0603990122559045
0.0194522493209987,0.060183684043085
0.020465994788579,0.0612429820176037
0.0193401624088346,0.0610276780439031
0.017620393476073,0.054144616643185
0.0179599630513008,0.0560545986153403
0.0184087243047992,0.0545273523307428
0.0169482856079302,0.0552389522640852
0.0177717728482208,0.0595619506430941
0.0180104228420167,0.0578604129739884
0.0170492051893621,0.0588504597857868
0.0184091379096411,0.0592042903240467
0.0199849723574097,0.0552928237058583
0.018748293880027,0.0564373343028981
0.0191966415286835,0.0549100880183005
0.0198844663808198,0.0563581935796634
0.0185783022899921,0.0554823736157191
0.0156040698716446,0.057427502310291
0.017287855183158,0.0571489342362405
0.0162761777397874,0.0563332272871881
0.0163266375305034,0.0581389810480389
0.0171182771979651,0.0561939129512642
0.017168736988681,0.057999666712115
0.0196834544276398,0.0584889333272736
0.0186477879034371,0.0575027041767032
0.0190465029710614,0.0588465815267615
0.0197839604042298,0.0574235634534685
0.0185282561041181,0.0583534972503749
0.0192661271421284,0.0569304791770819
0.0141088883680532,0.0632393158508688
0.0152400976107427,0.0621804299413716
0.0144137151365585,0.0616888000121196
0.0150428081011402,0.0634856458967716
0.0171906580453035,0.0607223257434592
0.0162670784332649,0.0613414534381675
0.0164680903864448,0.0600108227665924
0.0170971833510264,0.0618076322925662
0.0150233686735693,0.0585878895302156
0.0155445107744061,0.0606299807601994
0.0147185419050639,0.0601383423472557
0.0157455227275861,0.0592993682679635
0.0149791129554823,0.0611594176551682
0.0160065073828464,0.0603204047932858
0.0169102339624723,0.0639783665863746
0.0161736037389878,0.0624268205850717
0.0159767278342272,0.0637319759426745
0.0170037086567493,0.0628929994394704
0.015608205920064,0.062956202942023
0.0166356003474281,0.062117226438819
0.0266915748693698,0.0446448211607508
0.0257895027091117,0.04383462861125
0.026922366371169,0.0438564438182672
0.0264401031254739,0.0451435410322835
0.0273839493747673,0.0422790831553273
0.026019880606069,0.0430462512687664
0.0271531578729682,0.0430674604978109
0.026921952766327,0.0416918904997803
0.026471123488619,0.0434510445545304
0.0259375732425241,0.0461397688194034
0.0255380309652158,0.0443333484827826
0.026188631381578,0.0456416549258434
0.025292763293949,0.046073717220379
0.0259888602429239,0.0447381417685467
0.0230762549460246,0.0431535093699344
0.024584258199716,0.0433377266736354
0.0233852177629493,0.0440830795800573
0.0259979595494465,0.0405181111666591
0.0255578839976287,0.0424596645911921
0.0264599561578868,0.0411053038222061
0.0262399183819779,0.0420754745564999
0.0240035570016406,0.0459410080443576
0.0248932210166407,0.0442672968837583
0.0246479533453738,0.0460076656213547
0.023694180579874,0.0450120438122074
0.0250929921552948,0.0451702040630823
0.024139219389795,0.0441751882319078
0.0290048667503068,0.0363156539259798
0.0281027945900487,0.0351921707645927
0.0290735251540678,0.0355090972443152
0.0292112555664318,0.0338971958369313
0.0281714529938097,0.0343862200609008
0.0291421835578289,0.0347031465406233
0.0286226958763597,0.0349479616415943
0.0260496601546882,0.0328385523186232
0.0271180014614038,0.034033540880789
0.020321646698744,0.0665478949840173
0.0194687935146761,0.0668854247148116
0.020083823914632,0.0674447423836144
0.019607351136724,0.0692384371828084
0.019230970730564,0.0677822721144086
0.019845587525678,0.0683415897832114
0.019657397322598,0.0676138102379979
0.0177196586381371,0.065329212683119
0.0186014641611404,0.0664794194731022
0.0152338935381137,0.0165928888484904
0.0170549956571492,0.0163523155933282
0.0160424910040947,0.018004817524883
0.0158658817365889,0.0150815797845748
0.0201793666331187,0.0177563665560757
0.0187036245570981,0.0167401414958566
0.0193397488039927,0.0187804693299399
0.0200494947127514,0.0164450302231514
0.0176600995408986,0.0208280688996955
0.0178640067279721,0.0177642442697208
0.0168510884700757,0.0194161402233029
0.0184997173700247,0.019804572103804
0.0169532488660334,0.0178842279083155
0.0186018777659824,0.018272053810844
0.0171298581335392,0.0120595676347165
0.0176869838556243,0.0148416125073854
0.016497869935064,0.013570876698632
0.0180162133098038,0.0126473662682361
0.0167766395985276,0.0149615961459801
0.019788923662333,0.0138229635352755
0.0185733390318889,0.015429411140905
0.0199192091875422,0.0151342998681998
0.0189025684860684,0.0132351649017558
0.0193112100698992,0.0159372206820282
0.0182949829732673,0.0140380857155842
0.0233479933271752,0.0116511384811162
0.0231052072849599,0.0138241754912209
0.0239601284932376,0.0124982956869518
0.0225799291357037,0.012264994167462
0.0251848124302042,0.0141926100986229
0.0237173424510223,0.0146713326970565
0.0245722636592999,0.0133454528927873
0.0247856837577379,0.0153730551894439
0.0238389422745509,0.0135848141920041
0.0214338301187046,0.0174261085609538
0.0224670150138558,0.0157487615325183
0.0222854424882467,0.0175285188383402
0.0213039581983373,0.0161147722280295
0.0239882536224891,0.0177327334151404
0.0233186273833979,0.0158511718099047
0.0243869686901135,0.0165528943022921
0.0231366412529469,0.0176309291157266
0.0240523623729888,0.0156124164886606
0.0228020349358223,0.0166898453241225
0.0210433871479189,0.0134927055401536
0.0223371430934885,0.0144380311775667
0.0218114513393903,0.0128788498538078
0.0211736726731281,0.0148034358951052
0.0224583293121751,0.0133515126725144
0.0218205506459129,0.0152760987138118
0.0232024044228144,0.029818358102683
0.0242951484152041,0.0293238800769592
0.0239175271945184,0.0303619203441955
0.0254184991658969,0.0270272235604236
0.0250334330580563,0.0283937038888636
0.0256943735954669,0.0277580329955006
0.0253473591330843,0.0314496508051932
0.0250098575820661,0.0298674423184717
0.0246322363613803,0.0309060885636807
0.0256468090386445,0.0307061158326895
0.0244634855858713,0.0301146813313336
0.0262461224546069,0.029219045887682
0.0253097210924683,0.029123907345968
0.0259702480250369,0.0284882364526049
0.0259466725490466,0.0299625808601857
0.0255020473439676,0.0284409701707343
0.0254780582631354,0.0299153145783151
0.0245631643527774,0.0375324576951628
0.0253229564474101,0.0365877380357224
0.0250718983083562,0.0379184656637731
0.0243183102863524,0.0367658955596964
0.0255624336508899,0.033209410837916
0.025656321950009,0.0351467224166402
0.0249846276867081,0.0338832583435592
0.0260968111066687,0.0338069051189989
0.0260889526146719,0.0386898756230211
0.025831690402989,0.03697314002636
0.0255802186590931,0.0383038676544108
0.0254515875532516,0.0374458028450666
0.0238286021535025,0.0352315593328182
0.0250781023809852,0.0358205699222833
0.0240734562199275,0.0359987274462573
0.0244068217225263,0.0345577118271751
0.0246984131360898,0.0362932327409899
0.0250313650338467,0.0348522171219076
0.0271647388085423,0.0350018936811647
0.0261902858009458,0.035744216697723
0.0266307749576055,0.0344043994000818
0.0261435484538072,0.0347752579193746
0.0192768808680187,0.0697947249617476
0.0182383191099224,0.0694505294732537
0.0190696648422098,0.0703794937054038
0.0190882770600968,0.0690669454165341
0.0186556463954338,0.0715496371706889
0.0180315166889554,0.0700359041948825
0.0188628624212427,0.0709648684270327
0.0179607902609847,0.0717332484964172
0.0185505907655826,0.0702080019391295
0.0173887747645899,0.0658852580708691
0.0176092261453407,0.0681476768319472
0.0168333034618725,0.0668302807192959
0.0178296775260916,0.0664606341559484
0.0165714915969283,0.0721004711478738
0.0173366605545062,0.0702195155206108
0.0172663477313774,0.0719168598221455
0.0162881722802035,0.0709739580966232
0.0176489322101664,0.070976382008514
0.0157219472515958,0.0687197200381766
0.0170533412377814,0.0690923964913875
0.0162774185543132,0.0677750003787362
0.0160052665683206,0.0698468390673999
0.016943322349827,0.0679610356163553
0.0166707567589925,0.070032874305019
0.0187114830490949,0.0676107803481344
0.0180501289068424,0.0687227499280401
0.0189000868570168,0.0683385598933479
0.0182705802875932,0.0670357072520414
0.0185692029834696,0.0688948476722871
0.017940110018888,0.0675913890530079
0.0295020197703114,0.0307697435198231
0.0285064729157763,0.0313126997833629
0.0294350157859181,0.0315587268402794
0.0293001806074476,0.0331354815252466
0.028439468931383,0.0321016831038192
0.0293675981966829,0.032347104182763
0.0287806929259785,0.0333802966262176
0.0289370355562296,0.0318302049720493
0.026138998800546,0.0320768380069384
0.0273856037941351,0.0317483979457347
0.0264388623109481,0.0313333030344347
0.0266729626514828,0.0326743322880213
0.0270381757269105,0.0298456271114545
0.0276854673045372,0.0310048629732309
0.0267387258213503,0.0305891620839582
0.0270621648077427,0.0311690830038328
0.0277408903533564,0.0338693208501871
0.0279195676450719,0.0323458922268176
0.0282607916396675,0.033624505749216
0.0272069265024196,0.0332718265691042
0.0283501302855252,0.0328627914375312
0.0272962651482773,0.0325101122574194
0.0241321881074821,0.0386492750988502
0.0240304413163663,0.0399381902467845
0.0246409220630609,0.0390352830674605
0.023568858312768,0.038848035873896
0.0227362717659548,0.0424420912299838
0.0235651358691906,0.0412022602978382
0.0226382474184164,0.0413761759760033
0.0234902733928005,0.0425341998818343
0.0256579763693767,0.0398066930267085
0.0245391752719452,0.0403235922374222
0.0251496560186398,0.0394206850580981
0.0254383521983097,0.0407768637610023
0.0245900486675031,0.0396794376524413
0.0224413715136558,0.0392455574239876
0.0234666979168103,0.0401369510218304
0.0230051149132119,0.0390467966489418
0.0225398094660361,0.0403108666999955
0.0235179849172101,0.0394927964368495
0.0230526794700343,0.0407568664879032
0.0249986902513339,0.0427178112075626
0.0243191374960363,0.0412943689496887
0.0242442750196462,0.0426257025557121
0.0252183144224008,0.0417476404732688
0.0239047054444184,0.0419142844157615
0.024878744847173,0.0410356163553455
0.021092606124109,0.0640585980699602
0.0201483462699737,0.0646010695511218
0.0208882853321936,0.0647064491205745
0.0206397088221913,0.0637012528594586
0.0204804709580467,0.0660021512218031
0.0199444390829002,0.0652489206017361
0.0206843781451201,0.0653543001711888
0.0200536307611708,0.0661709766849975
0.0204163622075469,0.0649776848611553
0.0178780692925979,0.0647836507142965
0.0190771097293646,0.0648427941644321
0.0184968221361311,0.0641846414882819
0.0183189720540995,0.0653587844081868
0.0197343278231977,0.0629865624384554
0.0196954489680559,0.0642437243406202
0.0201868115202735,0.063343907648957
0.0191155749796644,0.0635856322622673
0.0201677856975446,0.0639724886000394
0.0190961355520935,0.0642142132133497
0.0192007775771028,0.0665091123937645
0.0195180124908662,0.0654178672605251
0.0196272041691368,0.066340044539381
0.0187598748156012,0.0659338575042797
0.0197860284284395,0.0657944825705586
0.0189182854700619,0.0653882955354573
0.0289800504597907,0.036989501431623
0.0280283457185005,0.0372137132815222
0.0288100588697558,0.03763729188444
0.0285292211820826,0.0364277598509294
0.0284696620848441,0.0389328727900741
0.0278583541284657,0.037862109712312
0.028640067279721,0.038285082337257
0.0278302289992141,0.0389528700631732
0.0283339996966898,0.0377493978093896
0.0265513628279542,0.0389922586313987
0.0272189210428357,0.0378815010074384
0.0271907959135842,0.0389728673362723
0.0264227317221127,0.0381341938220546
0.0275245750210249,0.0384171855353058
0.0276271490218245,0.035304882667515
0.0275775164407925,0.0366525776788014
0.0280779782995326,0.0358660182702359
0.0271399225180263,0.0356757411868079
0.0280531620090166,0.036539865775879
0.0261654695104297,0.0364180642033662
0.0270902899369942,0.0370234361980942
0.0262941006162712,0.0372761290127104
0.026652696014228,0.0360465997061007
0.0267565108295534,0.0375791179990607
0.0271151062275102,0.036349588692451
0.029379179132257,0.0275635140662637
0.0284096893827637,0.0272744625732855
0.0292608881474639,0.026999954551652
0.0290243061778777,0.0258734415004015
0.0282913983979706,0.0267109030586738
0.0291425971626708,0.0264363950370404
0.0285614823597535,0.0257055856019634
0.0287761432727172,0.0268551258161766
0.0261894585912619,0.0265406232483449
0.0273463113341514,0.026933296974655
0.026671308232115,0.0261503734339257
0.0264653330208319,0.027271432683422
0.0276354211186632,0.0253692678271145
0.0278285745798464,0.0265430471602357
0.0280986585416293,0.0255371237255526
0.0271535714778101,0.0257601236195064
0.0281950284697999,0.0261243163810995
0.0272499414059807,0.0263467102970807
0.0270170818799719,0.0287318395976306
0.0276225993685633,0.027664106409732
0.0267412074504019,0.0280016361405263
0.0270439661946976,0.027467769546577
0.0229592047757572,0.02940932297111
0.0235647222643486,0.028097380660213
0.0229248755738767,0.0279519459467648
0.0235051631671101,0.0291620839582481
0.0251748859139978,0.0266187944068233
0.0243034205120428,0.0271672044721174
0.024402272069265,0.026090987592601
0.0249825596624984,0.027301731582057
0.0228566307749576,0.0250359799421291
0.02353080666731,0.0266400036358678
0.0228905463719962,0.026493962944447
0.0236292446196903,0.0255637867563514
0.0232276343181724,0.02729567180233
0.0239663325658666,0.0263654956142344
0.0245979071594998,0.0286676059325243
0.0241110942605435,0.0278501416473511
0.024051535163305,0.0289148449453862
0.0247902334109991,0.0279846687572907
0.0238083355162478,0.028506415791786
0.0245470337639419,0.0275762396036904
0.0295218728027243,0.0280895029465679
0.0288373567893235,0.0288524292141981
0.0295557883997629,0.0287869835931464
0.0290371279279776,0.0279446742110924
0.02962361959384,0.0301825508642761
0.0288712723863621,0.0295499098607766
0.0295897039968015,0.0294844642397249
0.0291260529689934,0.030454028996046
0.0292137371954834,0.0291687497159478
0.0271597755504391,0.0292578284779348
0.028050266775123,0.0292420730506446
0.0274832145368315,0.0298377493978094
0.0274625342947348,0.0287239618839855
0.0281305061144582,0.0309969852595858
0.0283737057615154,0.0298213879925465
0.0286280727393049,0.0307255071278159
0.0278070671280658,0.0304170643397112
0.0287496725628335,0.0301377084942962
0.0279286669515944,0.0298298716841643
0.0280676381784843,0.0276556227181142
0.0283526119145768,0.0287076004787226
0.0285523830532309,0.0278004514535897
0.0277648794341886,0.0281900952900362
0.0286946631188562,0.0283264403338939
0.0279075731046558,0.0287160841703404
