0,0.12
0.00128646660536655,0.12
0.00257857560812507,0.119317453615161
0.0045885229457494,0.116928541268225
0.00659847028337373,0.114880902113708
0.00832128228705172,0.111980079978143
0.0101876619577029,0.10754352847669
0.0111926356265151,0.104472069744914
0.0121976092953272,0.1007180646283
0.0130590152971662,0.0974759693003154
0.0140639889659784,0.0930394177988624
0.0152125303017637,0.0892854126822483
0.0166482069714954,0.0860433173542634
0.0177967483072807,0.0826305854300687
0.0189452896430661,0.0785353071210351
0.0202373986458246,0.0746106654082112
0.0216730753155563,0.0708566602915974
0.0233958873192342,0.0674439283674028
0.0252622669898855,0.0636899232507886
0.0261236729917245,0.0623248304811108
0.0272722143275098,0.059594644941755
0.028277187996322,0.0563525496137701
0.0289950263311878,0.0527691810933657
0.0295692969990805,0.049356449169171
0.0298564323330268,0.0461143538411861
0.03,0.0420190755321525
0.0298564323330268,0.0370706142420706
0.0294257293321073,0.032975335933037
0.0287078909972415,0.0292213308164228
0.0279900526623756,0.0261498720846476
0.0269850789935635,0.0229077767566627
0.0261236729917245,0.0196656814286778
0.0251186993229122,0.0164235861006928
0.0236830254743793,0.0136080895655845
0.0222473459834489,0.0107925784257716
0.0203809663127978,0.00840366607883538
0.0183710189751734,0.00669730011673805
0.0152125303017637,0.00464966096222126
0.0126283122962467,0.00345520478875341
0.00990052662375657,0.0022607486152853
0.00774701161915907,0.00157820223044636
0.00501922594666888,0.000895655845607424
0.00343998160996405,0.000554382653187965
0.00143003427233972,0
0,0
0.00358354927693723,0.118122997441693
0.00559349661456156,0.115904721690966
0.00745987628521272,0.113430491045925
0.00925447212237731,0.109761804227416
0.010690148792109,0.106007799110802
0.0116951224609212,0.102595067186607
0.0126283122962467,0.0990970169643079
0.0135615021315723,0.0952576935495889
0.0146382596338711,0.0911624152405554
0.0159303686366296,0.0876643650182558
0.0172224776393881,0.084336951392166
0.0183710189751734,0.0805829462755519
0.0195913441444453,0.0765729862646232
0.0209552369806904,0.0727336628499043
0.0225344813173952,0.0691502943295001
0.0243290771545598,0.0655669258090957
0.0266979436596171,0.0609597377114329
0.0277747011619159,0.0579735972777626
0.0286361071637549,0.0545608653535679
0.0292821616651342,0.0510628151312684
0.0297128646660537,0.0477354015051786
0.0299282161665134,0.0440667146866693
0.0299282161665134,0.0395448448871115
0.0296410808325671,0.0350229750875538
0.0290668101646744,0.0310983333747299
0.0283489718298086,0.0276856014505352
0.0274875658279696,0.0245288244206552
0.026554375992644,0.0212867290926702
0.0256211861573183,0.0180446337646853
0.0244008623986458,0.0150158378331387
0.0229651857289141,0.0122003339956781
0.0213141561481233,0.00959812225230351
0.0167917746384686,0.00567348053947965
0.0139204212990052,0.00405243287548733
0.0112644194600017,0.00285797670201935
0.00638311878291398,0.00123692903802689
0,0.002
0,0.118
0,0.004
0,0.116
0,0.006
0,0.114
0,0.008
0,0.112
0,0.01
0,0.11
0,0.012
0,0.108
0,0.014
0,0.106
0,0.016
0,0.104
0,0.018
0,0.102
0,0.02
0,0.1
0,0.022
0,0.098
0,0.024
0,0.096
0,0.026
0,0.094
0,0.028
0,0.092
0,0.03
0,0.09
0,0.032
0,0.088
0,0.034
0,0.086
0,0.036
0,0.084
0,0.038
0,0.082
0,0.04
0,0.08
0,0.042
0,0.078
0,0.044
0,0.076
0,0.046
0,0.074
0,0.048
0,0.072
0,0.05
0,0.07
0,0.052
0,0.0679999999999999
0,0.054
0,0.0659999999999999
0,0.056
0,0.0639999999999999
0,0.058
0,0.0619999999999999
0,0.06
0.0280593508455501,0.046772077132816
0.027915783178577,0.0483931247968085
0.0253885484456492,0.0596055588306734
0.0268418305859049,0.0288476458491812
0.026482911418472,0.0273119164832936
0.0274305566144039,0.0516285815232196
0.0263715526099853,0.0566502506572066
0.0255819304416329,0.0242311233772186
0.0275450422562376,0.0323621422313267
0.00173205080756888,0.041
0.00173205080756888,0.043
0.00173205080756888,0.039
0.00173205080756888,0.045
0.0271861230888047,0.0304851396730196
0.00173205080756888,0.037
0.0250957549037005,0.0225420177725657
0.00173205080756888,0.047
0.0282331206275473,0.0429822120955049
0.00173205080756888,0.035
0.0281613367940607,0.0450298512500217
0.00173205080756888,0.049
0.0280262060237951,0.0362279563927859
0.024665051902781,0.0209209701085732
0.00173205080756888,0.033
0.00173205080756888,0.051
0.00173205080756888,0.031
0.00173205080756888,0.053
0.0224989207880386,0.0150987797917705
0.00173205080756888,0.029
0.00173205080756888,0.055
0.0217810820528858,0.0136910270880379
0.00173205080756888,0.027
0.00173205080756888,0.025
0.00173205080756888,0.057
0.0282327857755932,0.0408321903498552
0.0281610019421067,0.0383579597048142
0.00173205080756888,0.023
0.00173205080756888,0.059
0.00173205080756888,0.021
0.0232447271992392,0.0638573408762662
0.00173205080756888,0.061
0.00173205080756888,0.019
0.0214189829215421,0.0675165594663717
0.0223115373639136,0.0657343434345733
0.0138397730643307,0.00592327563421727
0.00173205080756888,0.0629999999999999
0.0205575769197031,0.069222925428469
0.00173205080756888,0.017
0.0166391897759909,0.00763874710160058
0.0194826745914829,0.0100672357912881
0.00173205080756888,0.0649999999999999
0.00173205080756888,0.0669999999999999
0.0196963771749711,0.0711764603552789
0.00173205080756888,0.015
0.0248142777777565,0.0609706516003513
0.00173205080756888,0.069
0.0232167577123051,0.0165065280593247
0.0189785388401053,0.0730534629135858
0.00173205080756888,0.071
0.00173205080756888,0.073
0.0182691896383236,0.0750501829770948
0.00173205080756888,0.013
0.00173205080756888,0.075
0.0176231351369443,0.0770125038335067
0.00173205080756888,0.077
0.015868034318051,0.0829313016532777
0.0204158644268085,0.0112616919647562
0.00173205080756888,0.079
0.016990448874994,0.0790914103472992
0.0152937636501583,0.084637667615375
0.0164161782071013,0.081139049501816
0.00173205080756888,0.081
0.00988772190973609,0.00414596937248723
0.0139877302652096,0.0877735804424011
0.00173205080756888,0.083
0.00173205080756888,0.011
0.00173205080756888,0.085
0.00173205080756888,0.087
0.0132691285680515,0.0897171777252724
0.00173205080756888,0.089
0.0126948579001588,0.0915941802835795
0.00173205080756888,0.009
0.00173205080756888,0.091
0.0111696912073033,0.0978417282844125
0.00173205080756888,0.093
0.0107389882063838,0.0994627759484049
0.00664463335914293,0.00308781474264941
0.00173205080756888,0.095
0.012123492031127,0.0937659036742142
0.00173205080756888,0.097
0.00830045929486644,0.00357058015164377
0.0116210051967209,0.0959841794249407
0.00929521949866812,0.104701310805343
0.00173205080756888,0.099
0.0102732320328897,0.101208656166623
0.00879273266426203,0.106237040171231
0.00173205080756888,0.101
0.00977074519848364,0.10308565872493
0.00173205080756888,0.007
0.00173205080756888,0.103
0.00173205080756888,0.105
0.00173205080756888,0.107
0.00173205080756888,0.109
0.0081245364921258,0.107981033856132
0.00640136835047558,0.111820836084921
0.00485991498081722,0.114179496303639
0.00719134665680021,0.110199309606859
0.00173205080756888,0.005
0.00173205080756888,0.111
0.00386375415540432,0.00241799120823666
0.00173205080756888,0.113
0.00173205080756888,0.115
0.00173205080756888,0.003
0.0262622693580735,0.0474298004244459
0.0249757701745683,0.0284739608819396
0.0235048825637885,0.0596164727195918
0.0263812529869448,0.0457997471389162
0.0253189865000161,0.0300227742369495
0.00346410161513775,0.042
0.00346410161513775,0.04
0.0256643551803679,0.0317489485296164
0.00346410161513775,0.044
0.00346410161513775,0.038
0.00346410161513775,0.046
0.00346410161513775,0.036
0.00346410161513775,0.048
0.0264662412550946,0.0439453486588573
0.00346410161513775,0.034
0.00346410161513775,0.05
0.0232064308138376,0.0221762587884686
0.0236743678179134,0.0238656566401183
0.0263650111473064,0.0374023509578869
0.00346410161513775,0.052
0.00346410161513775,0.032
0.021314816101698,0.0165894700179566
0.00346410161513775,0.03
0.00346410161513775,0.054
0.00346410161513775,0.028
0.0205969780718443,0.0151817191398111
0.00346410161513775,0.056
0.00346410161513775,0.026
0.0264655715511865,0.0396453051675579
0.018584382870168,0.0117308055037408
0.00346410161513775,0.024
0.00346410161513775,0.058
0.00346410161513775,0.022
0.00346410161513775,0.06
0.00346410161513775,0.02
0.0212271874085929,0.0640247585017438
0.00346410161513775,0.062
0.00346410161513775,0.018
0.00346410161513775,0.0639999999999999
0.00346410161513775,0.016
0.00346410161513775,0.0659999999999999
0.0185420970797496,0.0695010116424191
0.00346410161513775,0.0679999999999999
0.017719679034386,0.0714962604189603
0.00346410161513775,0.07
0.0195885193976948,0.013324910876976
0.00346410161513775,0.014
0.00346410161513775,0.072
0.0169917468804843,0.0734720014837405
0.00346410161513775,0.074
0.0163009806308226,0.0754897005459783
0.00346410161513775,0.076
0.00346410161513775,0.078
0.0156497788180502,0.0775476681900068
0.0144857888568718,0.0815286060842286
0.00346410161513775,0.012
0.0150356081069219,0.0796475135735633
0.00346410161513775,0.08
0.00346410161513775,0.082
0.00346410161513775,0.084
0.00346410161513775,0.086
0.00346410161513775,0.01
0.0120038611183116,0.0881447312301844
0.00850380294397657,0.00548663604889025
0.00346410161513775,0.088
0.0113257268343393,0.0901489427682966
0.00346410161513775,0.09
0.00346410161513775,0.092
0.00346410161513775,0.094
0.0107341261052296,0.0922393478500183
0.00928036711744035,0.0982074872685095
0.00971226193808835,0.0965040276655041
0.00346410161513775,0.096
0.0101829950962757,0.094492389549566
0.00346410161513775,0.008
0.00883258701335352,0.0998892629102118
0.00346410161513775,0.098
0.00346410161513775,0.1
0.00787140554625535,0.103404442302778
0.00834885477045219,0.101699247704946
0.00346410161513775,0.102
0.00346410161513775,0.104
0.00684123512794547,0.106489344333124
0.00346410161513775,0.106
0.00346410161513775,0.006
0.00346410161513775,0.108
0.00606141102654869,0.108418539235575
0.00484859879956947,0.00443679511280961
0.00346410161513775,0.112
0.00180598692557059,0.117647421562274
0.00282332313280097,0.116463366796464
0.0234856171790572,0.0187346384502503
0.0278362192610547,0.0342887519221554
0.0182810008311357,0.00859531602061194
0.0273569151268492,0.053372818822905
0.0114064673867119,0.00438955969157843
0.0149951591024527,0.0862807703180177
0.00415496933714446,0.11549782115494
0.0280952978665842,0.0499857564449893
0.0271193150507602,0.0551888063313
0.0264674251422221,0.0257334475671851
0.0153795777673656,0.00655239313492482
0.0263234985068066,0.0584121618316542
0.0241459258946839,0.062477297968099
0.00211249037176382,0.00144649798906061
0.0245943062610825,0.0464886804472497
0.023456350066176,0.0296230986447387
0.0246935124937632,0.0447932501395084
0.0237932806144353,0.0312256710962905
0.00519615242270663,0.051
0.00519615242270663,0.041
0.00519615242270663,0.043
0.00519615242270663,0.039
0.00519615242270663,0.045
0.00519615242270663,0.037
0.00519615242270663,0.049
0.00519615242270663,0.047
0.00519615242270663,0.035
0.00519615242270663,0.033
0.00519615242270663,0.053
0.00519615242270663,0.031
0.0217711963220982,0.0234833010559401
0.0246849787015211,0.038601404741704
0.00519615242270663,0.029
0.00519615242270663,0.055
0.0194128738382251,0.0166724104750415
0.00519615242270663,0.027
0.00519615242270663,0.057
0.00519615242270663,0.025
0.00519615242270663,0.023
0.0256632267083767,0.0524276382858076
0.00519615242270663,0.059
0.00519615242270663,0.021
0.00519615242270663,0.061
0.00519615242270663,0.019
0.00519615242270663,0.0629999999999999
0.0176209155055699,0.0134510078651149
0.0185706939301237,0.0150799643727885
0.00519615242270663,0.017
0.00519615242270663,0.0649999999999999
0.00519615242270663,0.015
0.00519615242270663,0.0669999999999999
0.00519615242270663,0.013
0.00519615242270663,0.069
0.0165295374885324,0.0698385781872765
0.00519615242270663,0.071
0.0157304623561514,0.0718853317504267
0.00519615242270663,0.073
0.0150076842617119,0.073919843424772
0.00519615242270663,0.075
0.0143240299059777,0.0759961484581487
0.00519615242270663,0.077
0.013098207277859,0.080102134941185
0.0136802902879511,0.0781113649206351
0.00519615242270663,0.079
0.0139545800866821,0.00784122145876891
0.00519615242270663,0.083
0.0252034987771483,0.0551305821769175
0.00519615242270663,0.081
0.00519615242270663,0.011
0.00519615242270663,0.085
0.00519615242270663,0.087
0.0100241145412751,0.0885917054910346
0.00519615242270663,0.089
0.00519615242270663,0.091
0.00519615242270663,0.009
0.00936333183306874,0.0907224861982835
0.00519615242270663,0.093
0.0134403228993636,0.0851495222579535
0.00877611493124172,0.0929543148525935
0.00519615242270663,0.095
0.0078173861094994,0.0969300822782274
0.00519615242270663,0.097
0.01658815018562,0.00961359820222015
0.00519615242270663,0.099
0.00519615242270663,0.007
0.0116995558052072,0.00662169195856061
0.00691739933038535,0.100347047356218
0.0261573362978922,0.0501574938922047
0.0246161185958691,0.0574839841085882
0.0245325347843141,0.0258617792156876
0.0222451056035337,0.0622202929097537
0.0194420785238499,0.0675891905653407
0.00519615242270663,0.105
0.00518362746778534,0.110224380006755
0.0263834909173968,0.0416766097747703
0.0202735547615609,0.0658283069497165
0.0262139571713078,0.035426596244727
0.00317427324952854,0.114125775547219
0.0141038359673757,0.0832873849593575
0.00769524468345544,0.105027873924545
0.0229686155392347,0.0204248330124599
0.00495762212281865,0.107
0.0066682558518666,0.00498937755200315
0.0053870745119901,0.00232157946942859
0.00315037925053198,0.004
0.0223179981659197,0.0177452551381655
0.00497299005067649,0.112570371648244
0.0229148161408657,0.045539789311583
0.0219298208427591,0.0307807465593742
0.00692820323027551,0.052
0.00692820323027551,0.05
0.00692820323027551,0.054
0.00692820323027551,0.042
0.00692820323027551,0.036
0.00692820323027551,0.04
0.00692820323027551,0.044
0.00692820323027551,0.048
0.00692820323027551,0.038
0.00692820323027551,0.046
0.00692820323027551,0.056
0.00692820323027551,0.034
0.00692820323027551,0.032
0.0225244870540628,0.057749814490758
0.00692820323027551,0.03
0.00692820323027551,0.058
0.00692820323027551,0.028
0.023725834075817,0.0534886866586979
0.0202275727450683,0.0622715232335799
0.00692820323027551,0.06
0.00692820323027551,0.026
0.00692820323027551,0.024
0.0192191889559779,0.0641169147370911
0.00692820323027551,0.022
0.00692820323027551,0.062
0.0174606686577089,0.016685931928858
0.00692820323027551,0.02
0.00692820323027551,0.0639999999999999
0.00692820323027551,0.018
0.00692820323027551,0.016
0.00692820323027551,0.0659999999999999
0.00692820323027551,0.014
0.0182915941388662,0.0659691900590686
0.00692820323027551,0.0679999999999999
0.00692820323027551,0.07
0.0145165514844059,0.0702320469294347
0.00692820323027551,0.012
0.00692820323027551,0.072
0.0137369567474224,0.0723227638819377
0.00692820323027551,0.074
0.0130206924774097,0.0744163009924961
0.0120031359216541,0.00875498420081856
0.00692820323027551,0.076
0.0123451475480626,0.0765494656892919
0.00692820323027551,0.078
0.00692820323027551,0.084
0.00692820323027551,0.082
0.012140508764362,0.0836370955846859
0.00692820323027551,0.01
0.00692820323027551,0.08
0.00692820323027551,0.086
0.0106325378243789,0.0866786930150259
0.0242623205788856,0.0331553566503706
0.00692820323027551,0.008
0.0209601602952798,0.019493722025119
0.00692820323027551,0.088
0.0245771451845107,0.0484677351265225
0.0231712678243928,0.027667077969659
0.0223816223286162,0.0253725984053204
0.0172493028169498,0.0679616059732813
0.0165914821314578,0.0117445178094905
0.0244902284298756,0.0365520335574891
0.00699918652700872,0.094
0.00697366383100422,0.092
0.00519615242270663,0.103
0.0247143454250997,0.0405918525547384
0.0248617965005776,0.0428679908619028
0.00510769177173425,0.101
0.003320271048358,0.11
0.00759640706998449,0.0986596250811503
0.0104247951220628,0.00565376542546241
0.012753119520956,0.08666200711994
0.0153612804321124,0.00859380492072801
0.0179603268972688,0.0103195148322982
0.0233004871717732,0.0611242443373603
0.0229677997374185,0.0396221802461419
0.00866025403784439,0.039
0.00866025403784439,0.037
0.00866025403784439,0.041
0.00866025403784439,0.051
0.00866025403784439,0.053
0.00866025403784439,0.049
0.00866025403784439,0.043
0.00866025403784439,0.035
0.00866025403784439,0.047
0.00866025403784439,0.055
0.00866025403784439,0.045
0.00866025403784439,0.027
0.0204282504022222,0.0249604646732285
0.00866025403784439,0.057
0.00866025403784439,0.033
0.00866025403784439,0.029
0.00866025403784439,0.031
0.00866025403784439,0.025
0.00866025403784439,0.023
0.00866025403784439,0.059
0.0182034470705864,0.0623636762082268
0.00866025403784439,0.061
0.00866025403784439,0.021
0.0172066858525987,0.0642674812080389
0.00866025403784439,0.0629999999999999
0.00866025403784439,0.0649999999999999
0.00866025403784439,0.019
0.016235714425209,0.0661625335273064
0.00866025403784439,0.015
0.00866025403784439,0.017
0.00866025403784439,0.0669999999999999
0.0156231056275129,0.0134924329367286
0.00866025403784439,0.013
0.00866025403784439,0.069
0.0230596431268199,0.0418418914170614
0.0211386694172922,0.0270834789330818
0.00866025403784439,0.071
0.0125038581588239,0.0706722535962532
0.00866025403784439,0.073
0.00866025403784439,0.079
0.0117400335137923,0.0728088509455734
0.00866025403784439,0.081
0.00866025403784439,0.011
0.00866025403784439,0.075
0.011031692371337,0.0749599614764826
0.00866025403784439,0.077
0.0100147521745862,0.00751718672093382
0.0216863328370526,0.060137687716781
0.00866025403784439,0.083
0.00866025403784439,0.009
0.0184487675706372,0.0184111804652744
0.0238625435967625,0.0514390186435159
0.0148675489955449,0.010435686078894
0.00866025403784439,0.085
0.0116961379795151,0.0784558550556389
0.0213153119576946,0.0215411835018039
0.0231772271113871,0.0554682974447255
0.0152721991220564,0.0682799339247159
0.00692820323027551,0.09
0.00865932829981969,0.087
0.0229355193242156,0.0474638982689825
0.0224887478090786,0.0325646044930422
0.026117186437457,0.0335632486443711
0.0084198047785531,0.0951825835480596
0.0117451205215424,0.0852916596603146
0.0126888512333079,0.0818884425011232
0.00669212591090536,0.10215480819134
0.00645620288439319,0.104072150202257
0.0204215486882021,0.0179541683108084
0.00725630295522464,0.00645513715995378
0.0103923048454133,0.052
0.0220659778855087,0.0523485837932118
0.0103923048454133,0.05
0.0103923048454133,0.036
0.0103923048454133,0.054
0.0211932171803909,0.0465204793720652
0.0103923048454133,0.038
0.0103923048454133,0.044
0.0103923048454133,0.042
0.020556465097728,0.0321905448136955
0.0103923048454133,0.04
0.0103923048454133,0.048
0.0103923048454133,0.046
0.0103923048454133,0.034
0.0103923048454133,0.056
0.0212831513560174,0.0408036403824406
0.0103923048454133,0.032
0.0211856181442413,0.056132632544978
0.0103923048454133,0.03
0.0103923048454133,0.028
0.0103923048454133,0.026
0.0191409310769588,0.0265716071672159
0.0103923048454133,0.024
0.0103923048454133,0.058
0.0103923048454133,0.022
0.0103923048454133,0.06
0.0164517191979602,0.0184093664304295
0.0103923048454133,0.02
0.0161706055669289,0.0625121922738759
0.0103923048454133,0.062
0.0103923048454133,0.018
0.0151797103495285,0.0644251914212323
0.0103923048454133,0.0639999999999999
0.0103923048454133,0.016
0.0103923048454133,0.0659999999999999
0.0103923048454133,0.014
0.0141774533875204,0.0665038516286764
0.0103923048454133,0.012
0.0103923048454133,0.0679999999999999
0.0191367359095049,0.0605873411687823
0.0228281775316049,0.0345032701640033
0.0194311688215898,0.0208134730902217
0.0112052420998908,0.0806083953509302
0.0228527473544547,0.0494434953937678
0.0131401271297922,0.0687600975148437
0.0198570364578003,0.0229080578022997
0.0103923048454133,0.07
0.0103041385327388,0.084072786098599
0.0104139689516289,0.01
0.0217027735686565,0.0288960505706077
0.0230033602566688,0.037727268653348
0.0231881068289734,0.0436987076552933
0.0105296396985099,0.0769950645616716
0.0166542088987419,0.0150245516603829
0.00834157886873995,0.089
0.00837195266334147,0.007499352628531
0.00685309331493614,0.0956200738789422
0.0135192918063488,0.00945226062296867
0.0150245684482406,0.0120186259573672
0.0121243556529821,0.037
0.0121243556529821,0.051
0.0121243556529821,0.053
0.0121243556529821,0.049
0.0121243556529821,0.043
0.0121243556529821,0.039
0.0121243556529821,0.045
0.0121243556529821,0.035
0.0121243556529821,0.055
0.0121243556529821,0.041
0.0121243556529821,0.047
0.0121243556529821,0.031
0.0121243556529821,0.033
0.0121243556529821,0.057
0.0121243556529821,0.023
0.0121243556529821,0.029
0.0121243556529821,0.025
0.0121243556529821,0.027
0.0179467788806462,0.0222058626165885
0.0121243556529821,0.059
0.0121243556529821,0.021
0.0147017124485027,0.0152255443135597
0.0121243556529821,0.017
0.0121243556529821,0.061
0.0121243556529821,0.019
0.0137190751031433,0.0134072495808711
0.0121243556529821,0.015
0.0141371836629757,0.0626720519871773
0.0121243556529821,0.013
0.0200966796477083,0.030045559020242
0.0205208977593123,0.0580457735906724
0.0121243556529821,0.0649999999999999
0.0213381834568088,0.0443649290024838
0.0184314332060255,0.0246848492160141
0.0212538341012678,0.0386422259503439
0.0171367906890991,0.0606699103681136
0.0121479625207912,0.0669999999999999
0.0216640763809109,0.0542495136390374
0.0213088842611768,0.0483874135522585
0.0103339797879459,0.0822311620299482
0.0102692212691925,0.0717868129924083
0.0212510505380041,0.0337803529517605
0.0245002220939734,0.0348453785552701
0.0229362341140494,0.0361141573879954
0.0101380438987789,0.0785039115796143
0.024288938305796,0.0499699941553652
0.0224590745668137,0.0508959615815993
0.0201704363523307,0.052940772167409
0.013856406460551,0.052
0.0193165766317363,0.0336788866105708
0.013856406460551,0.036
0.013856406460551,0.054
0.0195223146121026,0.0475610513945487
0.013856406460551,0.05
0.013856406460551,0.042
0.013856406460551,0.04
0.013856406460551,0.044
0.013856406460551,0.048
0.013856406460551,0.038
0.013856406460551,0.046
0.013856406460551,0.056
0.0195366012304063,0.0397464244059706
0.0195375532258943,0.045326481874557
0.013856406460551,0.034
0.013856406460551,0.032
0.0186329924739059,0.0314810768835192
0.013856406460551,0.03
0.013856406460551,0.028
0.0171649678286019,0.0262378708342177
0.013856406460551,0.026
0.013856406460551,0.058
0.013856406460551,0.024
0.013856406460551,0.022
0.0164892369835785,0.0237776888512921
0.013856406460551,0.06
0.013856406460551,0.02
0.0180653151826384,0.0588980492267644
0.013856406460551,0.018
0.0131992387320949,0.0114004315306666
0.01744860911828,0.0202094165582618
0.0121243556529821,0.063
0.0214995361570407,0.036981894759089
0.0156448987220683,0.0167799782364066
0.0197710520670999,0.0282666972022032
0.0214352415485263,0.0425823596654632
0.00981495273877399,0.0799905869911763
0.0102315457526292,0.073410371808626
0.0133353928040133,0.016
0.0115947262222395,0.069
0.0202693824727141,0.0595564936120474
0.0155884572681199,0.037
0.0155884572681199,0.055
0.0155884572681199,0.051
0.0155884572681199,0.043
0.0155884572681199,0.053
0.0155884572681199,0.049
0.0155884572681199,0.041
0.0155884572681199,0.039
0.0155884572681199,0.035
0.0155884572681199,0.047
0.0155884572681199,0.045
0.0155884572681199,0.029
0.0177979233848641,0.0464319552143322
0.0196884700493563,0.0495462639152485
0.0155884572681199,0.033
0.0192171505542379,0.0565207379556869
0.0155884572681199,0.057
0.0155884572681199,0.031
0.0196632936645575,0.037558506240084
0.0196334428052081,0.0418405613659298
0.0160668924942965,0.0589800197614205
0.0182301249420093,0.0294680045181687
0.01601717154038,0.0216269774756696
0.0201923738106496,0.0354729353984499
0.015447342523148,0.027
0.0152666455629718,0.025
0.0122376394945215,0.0102420810434282
0.0135563497115309,0.064203997893118
0.0173205080756888,0.054
0.0173205080756888,0.052
0.0173205080756888,0.036
0.0173205080756888,0.044
0.0173205080756888,0.05
0.0173205080756888,0.042
0.0173205080756888,0.04
0.0206636214277229,0.0511895902150021
0.0173023776800208,0.056
0.0199011576449686,0.0548039377680659
0.0168764174453149,0.0279041465712185
0.0153768363631494,0.0609214009073304
0.0197665096800691,0.0435885008308475
0.0157809363457453,0.0199569242506238
0.0150977694072425,0.023
0.0173205080756888,0.038
0.0173205080756888,0.034
0.0172218734527611,0.0481708401782962
0.0188809531918802,0.0511364362055051
0.0170903018819425,0.0576052805499687
0.0169907198867064,0.032
0.0185706446451874,0.053
0.018643024608835,0.035118485608602
0.0170362701977406,0.0304529562758292
