86,865,858
4,861,747
101,1008,995
3,797,745
5,998,748
101,999,1515
6,1503,750
131,1504,1939
17,1092,728
156,1934,2285
139,1615,1618
13,2223,759
111,1093,1781
166,2133,2130
142,1649,1745
88,893,1803
166,2130,2420
118,1228,1224
33,1361,789
31,1179,786
122,1316,1307
31,1819,1179
29,1310,782
122,1325,1316
93,940,1195
88,897,889
110,1079,1765
33,1383,1361
179,2408,2412
164,2087,2083
22,708,1726
139,1618,2034
146,1709,1705
161,2017,2021
11,2457,756
16,794,1681
169,2201,2197
156,1930,1934
181,2458,2518
45,1413,984
170,2224,2446
38,1242,925
43,1013,818
79,813,1547
49,808,743
48,961,742
11,692,2499
54,2200,1698
45,675,1413
19,703,2232
90,916,1151
43,673,1013
42,1037,843
112,1121,1102
25,712,888
40,670,879
60,1227,910
125,1384,1388
38,668,1242
36,1336,945
36,666,1336
92,928,1191
36,801,730
150,1789,2469
145,1696,1699
20,2330,2235
46,676,970
142,1652,1649
44,674,1538
59,835,775
42,672,1037
70,809,875
131,1500,1507
88,905,897
41,671,1101
93,936,932
60,1798,778
62,1287,783
39,669,912
32,723,949
37,667,1267
128,1450,1566
134,1559,1917
96,962,967
56,2132,1775
157,1962,1944
128,1466,1450
66,1874,1471
55,2205,763
157,1968,1948
109,1073,1065
58,1712,771
68,1991,1035
76,2046,1594
102,1026,1582
109,1071,1588
84,840,1088
69,823,816
83,821,827
83,824,1050
61,1232,780
84,842,851
69,839,845
86,858,870
96,967,1528
85,849,1114
87,887,1130
71,841,901
90,920,1209
91,924,1857
114,1148,1173
115,1168,1165
63,939,785
115,1165,1862
31,722,1819
90,922,1255
95,953,1377
117,1220,1206
73,921,1205
65,802,1396
120,1276,1355
74,1828,956
74,1369,947
101,1006,1532
75,1878,1525
100,993,1459
96,980,959
137,1602,2297
10,690,1785
126,1426,1423
140,1639,1629
126,1423,1493
100,991,1673
129,1474,2249
101,1003,1008
102,1018,1026
83,1029,821
149,1772,1776
155,1924,1909
68,1022,1572
82,815,1659
43,818,1041
85,1056,846
135,1580,2004
141,1645,2190
111,1100,2112
107,1063,1597
134,1565,2067
138,1611,1606
79,988,1067
130,1490,1955
69,816,1080
23,709,1751
140,1635,2164
143,1678,2117
42,843,1105
71,886,1110
71,901,1126
113,1135,1813
40,879,1140
90,1151,920
87,1130,1160
115,1158,1174
73,943,1187
74,929,1828
117,1202,1216
117,1216,1300
118,1241,1868
121,1293,1330
39,912,1246
73,927,1251
92,930,1278
38,925,1270
93,1295,936
93,1219,1295
91,1240,1320
121,1330,1285
74,947,1345
37,1267,1340
65,1396,791
124,1370,1378
125,1393,1403
124,1407,1374
97,1425,971
99,1484,987
97,981,1443
77,978,1437
128,1453,1460
77,1437,1455
156,1938,2260
127,1441,1886
130,1481,1490
99,1431,1484
7,687,2266
101,1515,1006
127,1886,1436
70,1002,1521
99,989,1552
45,984,1542
175,2317,2309
134,1562,1567
158,1977,2010
135,1576,1589
162,2053,2076
144,1690,2098
178,2396,2383
53,2363,758
138,1606,1624
66,1471,1904
174,2292,2493
108,2025,1792
149,1780,2170
109,1638,1071
146,1721,1718
140,1637,2184
110,1085,1739
142,1656,1664
130,1955,1478
143,1668,1678
144,1692,2123
111,1691,1096
136,2210,2094
163,2073,2320
158,1984,1977
142,1720,1652
110,1739,1079
82,1659,1735
24,832,1755
84,1088,1760
141,1647,2141
81,1099,2151
159,1990,2302
138,2029,1609
60,910,1798
89,1138,1808
152,1824,1838
92,1191,1832
72,1157,1849
89,1236,1853
129,1892,1474
154,1883,1899
78,1564,1908
129,1610,1912
98,1475,2245
139,1622,2279
140,1961,1635
157,1952,1968
80,1644,1973
57,2334,769
180,2433,2437
108,2465,1987
68,1572,1991
80,1973,1995
138,1624,2029
161,2021,2041
76,1561,2046
169,2211,2401
163,2061,2073
162,2076,2051
107,1597,2090
144,2098,1682
81,1671,2104
107,1689,2108
158,1980,2348
106,1779,2137
106,1636,2155
111,1781,2159
80,1631,2176
106,1646,2180
145,2390,1703
164,2217,2087
14,1695,2436
170,2231,2376
146,2343,1709
141,2416,2239
75,1512,2241
172,2256,2261
8,1614,2270
98,1937,2275
138,1609,2487
108,1987,2294
163,2320,2065
137,2230,2312
146,1983,2343
176,2340,2355
177,2369,2373
177,2364,2377
136,2056,2386
145,2213,2390
141,2141,2416
19,2232,2411
175,2327,2451
145,2316,2441
181,2466,2470
177,2373,2512
78,1603,2479
108,2294,2483
12,2360,2503
159,2475,2508
270,864,866
269,862,874
315,1007,1009
249,798,799
312,999,1001
312,998,1502
431,1504,1511
431,1503,1932
336,1093,1098
535,1933,2269
459,1614,1616
600,2224,2229
336,1092,1774
581,2132,2134
470,1648,1729
277,892,1797
580,2129,2410
368,1227,1229
397,1362,1368
357,1180,1186
388,1315,1317
512,1820,1847
387,1311,1314
390,1324,1326
292,939,1185
278,896,898
332,1078,1754
402,1384,1411
641,2407,2409
571,2086,2088
227,773,1732
460,1617,2019
487,1708,1710
555,2016,2018
651,2458,2464
248,729,1686
595,2200,2202
534,1929,1931
651,2457,2502
408,1414,1434
600,2223,2435
372,1243,1265
316,1014,1033
253,812,1541
252,809,811
300,962,965
211,757,2505
595,2201,2216
194,740,1419
222,768,2237
283,915,1143
192,738,1019
322,1038,1060
343,1120,1122
231,777,894
189,735,884
368,1228,1239
402,1383,1385
187,733,1248
392,1337,1353
185,731,1342
288,927,1189
250,802,804
505,1788,2463
483,1695,1697
625,2331,2358
195,741,975
471,1651,1653
193,739,1544
261,836,838
191,737,1043
252,808,867
430,1499,1501
280,904,906
190,736,1107
291,935,937
508,1799,1802
382,1288,1291
188,734,917
242,788,954
186,732,1272
417,1449,1560
443,1558,1907
300,961,964
581,2133,2149
542,1961,1963
421,1465,1467
523,1875,1896
596,2206,2209
543,1967,1969
331,1072,1074
488,1713,1716
550,1992,2003
561,2047,2059
319,1025,1577
330,1070,1581
262,839,1083
258,824,831
257,820,822
258,823,1048
369,1233,1235
263,841,850
262,840,853
268,857,859
301,966,1523
266,848,1112
275,886,1128
263,842,907
284,919,1203
286,923,1851
350,1147,1163
355,1167,1170
292,940,942
354,1164,1855
241,787,1825
285,921,1253
297,952,1367
366,1219,1221
285,922,1212
250,801,1394
379,1275,1348
514,1829,1842
399,1370,1376
314,1005,1527
524,1879,1902
310,992,1457
305,981,983
454,1601,2293
209,755,1790
411,1425,1428
467,1638,1640
410,1422,1483
309,990,1669
423,1473,2243
313,1002,1004
317,1017,1020
320,1030,1034
500,1771,1773
533,1923,1925
318,1023,1584
254,814,1657
256,819,1052
326,1057,1061
449,1579,1997
468,1644,2179
338,1099,2106
327,1062,1596
445,1564,2062
458,1610,1612
308,989,1075
428,1489,1953
255,817,1086
228,774,1757
465,1634,2154
478,1677,2110
264,844,1116
275,887,1123
279,902,1136
346,1134,1806
273,880,1149
351,1152,1156
345,1131,1169
352,1157,1159
293,944,1198
289,930,1834
362,1201,1204
365,1215,1294
371,1240,1860
383,1292,1323
282,913,1257
288,928,1264
289,929,1277
287,926,1280
384,1296,1299
366,1220,1303
371,1241,1327
391,1331,1334
295,948,1352
377,1268,1357
405,1397,1400
399,1369,1372
404,1392,1395
407,1408,1412
411,1426,1429
427,1485,1488
305,980,1442
304,979,1445
418,1452,1454
414,1438,1468
536,1937,2248
415,1440,1884
426,1480,1482
412,1432,1496
206,752,2272
434,1516,1520
526,1887,1890
313,1003,1534
308,988,1550
306,985,1554
622,2316,2318
444,1561,1563
545,1976,2002
448,1575,1578
563,2052,2070
481,1689,2093
639,2395,2397
632,2364,2367
456,1605,1623
422,1472,1914
616,2291,2482
557,2026,2045
502,1779,2158
467,1639,1643
490,1720,1723
466,1636,2182
334,1084,1737
472,1655,1658
541,1956,1959
475,1667,1670
482,1691,2115
482,1692,1694
597,2211,2222
568,2072,2314
547,1983,1985
490,1721,1724
494,1740,1743
473,1660,1748
260,833,1762
335,1089,1768
469,1646,2139
338,1100,2161
549,1989,2300
558,2030,2033
281,911,1810
347,1139,1816
513,1823,1826
360,1192,1846
352,1158,1864
370,1237,1870
527,1893,1897
525,1882,1885
445,1565,1920
458,1611,1926
424,1476,2252
461,1621,2277
542,1962,1966
540,1951,1954
468,1645,1981
626,2335,2338
646,2432,2434
653,2466,2478
447,1573,2006
544,1974,2012
462,1625,2037
556,2020,2023
444,1562,2054
597,2210,2389
565,2060,2063
569,2077,2080
453,1598,2096
574,2099,2102
476,1672,2119
481,1690,2125
546,1979,2341
502,1780,2148
466,1637,2167
503,1782,2173
464,1632,2186
469,1647,2193
638,2391,2394
599,2218,2221
483,1696,2443
602,2230,2371
628,2344,2347
643,2417,2431
433,1513,2257
609,2255,2258
459,1615,2281
536,1938,2288
457,1608,2485
548,1988,2304
623,2321,2324
602,2231,2328
547,1984,2351
627,2339,2342
633,2368,2370
632,2363,2366
564,2057,2398
598,2214,2404
583,2142,2423
603,2233,2428
624,2326,2449
622,2317,2453
653,2465,2467
634,2372,2510
455,1604,2489
617,2295,2496
631,2361,2514
655,2476,2521
268,860,857
201,872,682
311,997,994
199,795,680
202,996,683
434,1519,1516
204,1509,685
537,1942,1940
247,1097,793
615,2289,2286
460,1619,1617
213,2228,694
503,1784,1782
580,2131,2129
495,1749,1746
509,1807,1804
644,2424,2421
367,1225,1223
243,1366,724
240,1184,721
386,1308,1306
357,1845,1180
236,1309,717
388,1318,1315
361,1199,1196
276,890,888
499,1769,1766
397,1409,1362
642,2413,2411
570,2084,2082
491,1734,1727
559,2038,2035
486,1706,1704
556,2022,2020
210,2462,691
479,1688,1682
594,2198,2196
535,1935,1933
664,2522,2519
306,1433,985
649,2450,2447
287,1263,926
256,1031,819
441,1551,1548
197,807,678
196,960,677
660,2507,2500
484,2215,1699
408,1421,1414
603,2238,2233
351,1155,1152
316,1021,1014
264,1058,844
339,1104,1101
276,895,889
273,885,880
281,1238,911
403,1389,1387
372,1250,1243
294,1351,946
392,1344,1337
360,1194,1192
184,796,665
654,2473,2470
484,1700,1698
604,2356,2236
302,977,971
470,1650,1648
439,1546,1539
229,834,710
322,1045,1038
272,878,876
432,1508,1506
278,899,896
339,1109,1102
290,933,931
232,1796,713
237,1286,718
282,918,913
296,955,950
377,1274,1268
446,1570,1567
532,1921,1918
301,968,966
501,2147,1776
538,1946,1943
417,1451,1449
422,1894,1472
217,2199,698
539,1950,1947
328,1066,1064
225,1707,706
321,2001,1036
452,2058,1595
450,1587,1583
451,1593,1589
335,1091,1089
255,829,817
259,828,826
325,1055,1051
234,1226,715
267,856,852
265,855,846
271,871,869
437,1531,1529
342,1119,1115
345,1133,1131
279,909,902
364,1213,1210
520,1861,1858
356,1178,1174
354,1166,1164
239,934,720
521,1867,1863
512,1827,1820
375,1260,1256
401,1381,1378
363,1208,1205
363,1214,1206
405,1401,1397
396,1360,1356
298,1840,957
295,1375,948
438,1537,1533
436,1900,1526
420,1464,1460
299,976,958
618,2301,2298
504,1791,1786
410,1424,1422
463,1630,1628
429,1497,1494
477,1676,1674
608,2253,2250
315,1010,1007
319,1027,1025
257,1024,820
501,1777,1775
530,1911,1908
447,1586,1573
473,1662,1660
323,1054,1042
265,1049,845
553,2009,2005
593,2194,2191
577,2116,2113
453,1600,1598
567,2071,2068
456,1607,1605
329,1077,1068
541,1960,1956
333,1087,1081
496,1759,1752
588,2168,2165
578,2122,2118
340,1118,1106
341,1125,1111
344,1137,1127
511,1817,1814
348,1150,1141
284,1146,919
353,1171,1161
356,1175,1173
359,1200,1188
514,1836,1829
365,1217,1215
385,1304,1301
522,1873,1869
391,1335,1331
373,1259,1247
374,1266,1252
380,1283,1279
378,1282,1271
291,1290,935
384,1305,1296
389,1329,1321
381,1313,1284
394,1354,1346
393,1359,1341
245,1390,726
401,1380,1377
406,1404,1402
400,1405,1373
302,1420,970
307,1479,986
416,1448,1444
414,1447,1438
420,1461,1459
419,1470,1456
610,2264,2261
526,1891,1887
428,1491,1489
427,1498,1485
611,2274,2267
314,1514,1005
413,1876,1435
435,1536,1522
442,1557,1553
440,1556,1543
620,2310,2308
446,1569,1566
554,2015,2011
451,1590,1588
569,2081,2077
574,2103,2099
636,2385,2382
212,2362,693
462,1627,1625
529,1916,1905
659,2497,2494
506,2043,1793
589,2174,2171
330,1633,1070
489,1719,1717
592,2189,2185
494,1744,1740
474,1665,1663
425,1945,1477
478,1679,1677
579,2128,2124
337,1687,1095
573,2220,2095
623,2325,2321
545,1978,1976
471,1715,1651
332,1733,1078
493,1750,1736
497,1764,1756
498,1770,1761
583,2144,2142
585,2163,2152
619,2307,2303
457,2027,1608
508,1812,1799
510,1818,1809
516,1839,1837
515,1848,1833
518,1866,1850
519,1872,1854
423,1880,1473
528,1901,1898
530,1922,1909
531,1928,1913
607,2254,2246
614,2284,2280
465,1949,1634
543,1970,1967
544,1982,1974
223,2332,704
647,2438,2436
548,2477,1988
550,2008,1992
551,2014,1996
558,2039,2030
560,2042,2040
561,2055,2047
640,2405,2402
568,2074,2072
562,2066,2050
572,2097,2091
479,2085,1681
575,2121,2105
576,2127,2109
629,2352,2349
582,2150,2138
586,2169,2156
587,2175,2160
590,2188,2177
591,2195,2181
485,2384,1702
571,2208,2086
647,2445,2437
635,2381,2377
487,2337,1708
605,2429,2240
606,2259,2242
610,2263,2260
612,2283,2271
613,2290,2276
658,2492,2488
617,2306,2295
566,2311,2064
621,2329,2313
628,2353,2344
630,2357,2354
634,2374,2372
635,2378,2376
637,2400,2387
638,2406,2391
643,2425,2417
642,2430,2412
650,2456,2452
648,2455,2442
654,2472,2469
663,2517,2513
656,2491,2480
657,2498,2484
661,2516,2504
662,2523,2509
249,860,866
271,872,874
269,997,1009
198,795,799
311,996,1001
430,1519,1502
432,1509,1511
534,1942,1932
337,1097,1098
611,2289,2269
207,1619,1616
601,2228,2229
500,1784,1774
220,2131,2134
491,1749,1729
507,1807,1797
641,2424,2410
233,1225,1229
398,1366,1368
358,1184,1186
235,1308,1317
517,1845,1847
386,1309,1314
369,1318,1326
358,1199,1185
230,890,898
496,1769,1754
407,1409,1411
221,2413,2409
218,2084,2088
492,1734,1732
555,2038,2019
224,1706,1710
208,2022,2018
652,2462,2464
480,1688,1686
216,2198,2202
205,1935,1931
660,2522,2502
412,1433,1434
646,2450,2435
376,1263,1265
320,1031,1033
439,1551,1541
251,807,811
299,960,965
661,2507,2505
598,2215,2216
409,1421,1419
604,2238,2237
348,1155,1143
317,1021,1019
326,1058,1060
274,1104,1122
277,895,894
274,885,884
370,1238,1239
244,1389,1385
373,1250,1248
395,1351,1353
393,1344,1342
359,1194,1189
246,796,804
652,2473,2463
215,1700,1697
630,2356,2358
303,977,975
226,1650,1653
440,1546,1544
260,834,838
323,1045,1043
270,878,867
203,1508,1501
261,899,906
340,1109,1107
238,933,937
507,1796,1802
381,1286,1291
283,918,917
297,955,954
378,1274,1272
443,1570,1560
529,1921,1907
251,968,964
584,2147,2149
463,1946,1963
413,1451,1467
527,1894,1896
594,2199,2209
476,1950,1969
307,1066,1074
486,1707,1716
552,2001,2003
564,2058,2059
448,1587,1577
449,1593,1581
333,1091,1083
259,829,831
254,828,822
324,1055,1048
367,1226,1235
266,856,850
267,855,853
200,871,859
435,1531,1523
341,1119,1112
344,1133,1128
280,909,907
362,1213,1203
518,1861,1851
353,1178,1163
347,1166,1170
290,934,942
519,1867,1855
513,1827,1825
374,1260,1253
398,1381,1367
293,1208,1221
364,1214,1212
404,1401,1394
394,1360,1348
516,1840,1842
400,1375,1376
436,1537,1527
528,1900,1902
419,1464,1457
303,976,983
616,2301,2293
505,1791,1790
304,1424,1428
328,1630,1640
426,1497,1483
475,1676,1669
606,2253,2243
272,1010,1004
253,1027,1020
318,1024,1034
219,1777,1773
455,1911,1925
450,1586,1584
472,1662,1657
325,1054,1052
324,1049,1061
551,2009,1997
590,2194,2179
575,2116,2106
452,1600,1596
565,2071,2062
424,1607,1612
331,1077,1075
540,1960,1953
334,1087,1086
497,1759,1757
585,2168,2154
576,2122,2110
342,1118,1116
343,1125,1123
346,1137,1136
509,1817,1806
350,1150,1149
349,1146,1156
355,1171,1169
349,1175,1159
361,1200,1198
515,1836,1834
286,1217,1204
383,1304,1294
520,1873,1860
389,1335,1323
375,1259,1257
376,1266,1264
379,1283,1277
380,1282,1280
382,1290,1299
385,1305,1303
390,1329,1327
387,1313,1334
395,1354,1352
396,1359,1357
403,1390,1400
298,1380,1372
294,1404,1395
406,1405,1412
409,1420,1429
425,1479,1488
415,1448,1442
416,1447,1445
309,1461,1454
421,1470,1468
607,2264,2248
525,1891,1884
310,1491,1482
429,1498,1496
612,2274,2272
433,1514,1520
523,1876,1890
438,1536,1534
441,1557,1550
442,1556,1554
485,2310,2318
418,1569,1563
552,2015,2002
329,1590,1578
567,2081,2070
572,2103,2093
562,2385,2397
631,2362,2367
461,1627,1623
531,1916,1914
656,2497,2482
560,2043,2045
586,2174,2158
464,1633,1643
474,1719,1723
591,2189,2182
493,1744,1737
321,1665,1658
538,1945,1959
327,1679,1670
577,2128,2115
480,1687,1694
599,2220,2222
621,2325,2314
489,1978,1985
488,1715,1724
492,1733,1743
495,1750,1748
498,1764,1762
499,1770,1768
582,2144,2139
587,2163,2161
618,2307,2300
557,2027,2033
510,1812,1810
511,1818,1816
296,1839,1826
517,1848,1846
521,1866,1864
522,1872,1870
524,1880,1897
437,1901,1885
532,1922,1920
533,1928,1926
608,2254,2252
613,2284,2277
539,1949,1966
477,1970,1954
546,1982,1981
625,2332,2338
214,2438,2434
655,2477,2478
553,2008,2006
554,2014,2012
559,2039,2037
504,2042,2023
563,2055,2054
637,2405,2389
454,2074,2063
566,2066,2080
573,2097,2096
570,2085,2102
578,2121,2119
579,2127,2125
627,2352,2341
584,2150,2148
588,2169,2167
589,2175,2173
592,2188,2186
593,2195,2193
636,2384,2394
596,2208,2221
648,2445,2443
633,2381,2371
626,2337,2347
645,2429,2431
609,2259,2257
537,2263,2258
614,2283,2281
615,2290,2288
657,2492,2485
619,2306,2304
620,2311,2324
624,2329,2328
629,2353,2351
605,2357,2342
549,2374,2370
601,2378,2366
639,2400,2398
640,2406,2404
644,2425,2423
645,2430,2428
649,2456,2449
650,2455,2453
506,2472,2467
662,2517,2510
658,2491,2489
659,2498,2496
663,2516,2514
664,2523,2521
270,868,865
269,863,861
315,1011,1008
249,800,797
312,1000,998
312,1517,999
431,1505,1503
431,1941,1504
336,1094,1092
535,2287,1934
459,1620,1615
600,2225,2223
336,1783,1093
581,2136,2133
470,1747,1649
277,1805,893
580,2422,2130
368,1231,1228
397,1363,1361
357,1181,1179
388,1319,1316
512,1822,1819
387,1312,1310
390,1328,1325
292,1197,940
278,900,897
332,1767,1079
402,1386,1383
641,2415,2408
571,2089,2087
227,1728,708
460,2036,1618
487,1711,1709
555,2024,2017
651,2459,2457
248,1683,794
595,2204,2201
534,1936,1930
651,2520,2458
408,1416,1413
600,2448,2224
372,1245,1242
316,1016,1013
253,1549,813
252,810,808
300,963,961
211,2501,692
595,2203,2200
194,1415,675
222,2234,703
283,1153,916
192,1015,673
322,1040,1037
343,1124,1121
231,891,712
189,881,670
368,1230,1227
402,1391,1384
187,1244,668
392,1339,1336
185,1338,666
288,1193,928
250,803,801
505,2471,1789
483,1701,1696
625,2333,2330
195,972,676
471,1654,1652
193,1540,674
261,837,835
191,1039,672
252,877,809
430,1510,1500
280,908,905
190,1103,671
291,938,936
508,1800,1798
382,1289,1287
188,914,669
242,951,723
186,1269,667
417,1568,1450
443,1919,1559
300,969,962
581,2135,2132
542,1965,1962
421,1469,1466
523,1877,1874
596,2207,2205
543,1971,1968
331,1076,1073
488,1714,1712
550,1993,1991
561,2049,2046
319,1585,1026
330,1591,1071
262,1090,840
258,825,823
257,830,821
258,1053,824
369,1234,1232
263,854,842
262,847,839
268,873,858
301,1530,967
266,1117,849
275,1132,887
263,903,841
284,1211,920
286,1859,924
350,1176,1148
355,1172,1168
292,941,939
354,1865,1165
241,1821,722
285,1258,922
297,1379,953
366,1222,1220
285,1207,921
250,1399,802
379,1358,1276
514,1831,1828
399,1371,1369
314,1535,1006
524,1881,1878
310,1462,993
305,982,980
454,2299,1602
209,1787,690
411,1430,1426
467,1642,1639
410,1495,1423
309,1675,991
423,2251,1474
313,1012,1003
317,1028,1018
320,1032,1029
500,1778,1772
533,1927,1924
318,1574,1022
254,1661,815
256,1044,818
326,1059,1056
449,2007,1580
468,2192,1645
338,2114,1100
327,1599,1063
445,2069,1565
458,1613,1611
308,1069,988
428,1958,1490
255,1082,816
228,1753,709
465,2166,1635
478,2120,1678
264,1108,843
275,1113,886
279,1129,901
346,1815,1135
273,1142,879
351,1154,1151
345,1162,1130
352,1177,1158
293,1190,943
289,1830,929
362,1218,1202
365,1302,1216
371,1871,1241
383,1333,1293
282,1249,912
288,1254,927
289,1281,930
287,1273,925
384,1297,1295
366,1298,1219
371,1322,1240
391,1332,1330
295,1347,947
377,1343,1267
405,1398,1396
399,1382,1370
404,1406,1393
407,1410,1407
411,1427,1425
427,1486,1484
305,1446,981
304,1439,978
418,1463,1453
414,1458,1437
536,2262,1938
415,1889,1441
426,1492,1481
412,1487,1431
206,2268,687
434,1518,1515
526,1888,1886
313,1524,1002
308,1555,989
306,1545,984
622,2319,2317
444,1571,1562
545,2013,1977
448,1592,1576
563,2079,2053
481,2101,1690
639,2399,2396
632,2365,2363
456,1626,1606
422,1906,1471
616,2495,2292
557,2028,2025
502,2172,1780
467,1641,1638
490,1725,1721
466,2187,1637
334,1742,1085
472,1666,1656
541,1957,1955
475,1680,1668
482,2126,1692
482,1693,1691
597,2212,2210
568,2323,2073
547,1986,1984
490,1722,1720
494,1741,1739
473,1738,1659
260,1758,832
335,1763,1088
469,2143,1647
338,2153,1099
549,2305,1990
558,2031,2029
281,1801,910
347,1811,1138
513,1841,1824
360,1835,1191
352,1852,1157
370,1856,1236
527,1895,1892
525,1903,1883
445,1910,1564
458,1915,1610
424,2247,1475
461,2282,1622
542,1964,1961
540,1972,1952
468,1975,1644
626,2336,2334
646,2440,2433
653,2468,2465
447,1994,1572
544,1998,1973
462,2032,1624
556,2044,2021
444,2048,1561
597,2403,2211
565,2075,2061
569,2078,2076
453,2092,1597
574,2100,2098
476,2107,1671
481,2111,1689
546,2350,1980
502,2140,1779
466,2157,1636
503,2162,1781
464,2178,1631
469,2183,1646
638,2392,2390
599,2219,2217
483,2439,1695
602,2379,2231
628,2345,2343
643,2419,2416
433,2244,1512
609,2265,2256
459,2273,1614
536,2278,1937
457,2490,1609
548,2296,1987
623,2322,2320
602,2315,2230
547,2346,1983
627,2359,2340
633,2375,2369
632,2380,2364
564,2388,2056
598,2393,2213
583,2418,2141
603,2414,2232
624,2454,2327
622,2444,2316
653,2474,2466
634,2515,2373
455,2481,1603
617,2486,2294
631,2506,2360
655,2511,2475
49,798,864
86,870,862
86,862,1007
49,679,798
101,995,999
5,1499,998
131,1507,1504
6,1929,1503
111,1096,1093
7,2266,1933
8,688,1614
170,2227,2224
17,1771,1092
56,701,2132
22,1726,1648
26,1794,892
18,2407,2129
60,714,1227
124,1365,1362
116,1183,1180
61,716,1315
152,1844,1820
122,1307,1311
118,1233,1324
63,1182,939
59,711,896
23,1751,1078
125,1408,1384
18,702,2407
55,699,2086
23,1730,773
9,2016,1617
57,705,1708
9,689,2016
181,2461,2458
35,1684,729
54,697,2200
6,686,1929
11,2499,2457
126,1432,1414
13,2432,2223
119,1262,1243
102,1030,1014
44,1538,812
70,806,809
96,959,962
12,2503,757
169,2214,2201
46,1417,740
20,2235,768
40,1140,915
44,1017,738
105,1057,1038
87,883,1120
26,892,777
41,882,735
118,1237,1228
33,725,1383
39,1246,733
123,1350,1337
37,1340,731
73,1187,927
65,727,802
52,2460,1788
14,696,1695
176,2355,2331
47,973,741
58,707,1651
45,1542,739
84,833,836
43,1041,737
49,864,808
5,684,1499
84,836,904
42,1105,736
62,719,935
151,1795,1799
121,1285,1288
40,915,734
64,952,788
38,1270,732
66,1558,1449
66,1904,1558
48,805,961
166,2146,2133
140,1629,1961
127,1436,1465
154,1893,1875
169,2197,2206
143,1672,1967
99,987,1072
146,1705,1713
160,2000,1992
162,2057,2047
79,1575,1025
80,1579,1070
69,1080,839
83,827,824
68,814,820
69,1046,823
118,1224,1233
71,848,841
84,851,840
3,681,857
70,1521,966
71,1110,848
71,1126,886
84,904,842
72,1201,919
72,1849,923
87,1160,1147
113,1139,1167
93,932,940
89,1853,1164
32,1823,787
73,1251,921
64,1364,952
93,944,1219
90,1209,922
36,1392,801
74,1345,1275
152,1838,1829
124,1374,1370
75,1525,1005
154,1899,1879
77,1455,992
97,974,981
78,2291,1601
52,1788,755
97,979,1425
109,1065,1638
77,1480,1422
76,1667,990
75,2241,1473
70,875,1002
44,812,1017
102,1023,1030
17,700,1771
138,1604,1923
102,1582,1023
68,1655,814
83,1050,819
105,1047,1057
80,1995,1579
80,2176,1644
81,2104,1099
76,1594,1062
78,2060,1564
129,1476,1610
99,1072,989
100,1951,1489
82,1084,817
24,1755,774
81,2151,1634
107,2108,1677
85,1114,844
87,1120,887
88,1134,902
88,1803,1134
87,1147,880
114,1145,1152
113,1167,1131
72,1144,1157
93,1195,944
92,1832,930
72,923,1201
91,1292,1215
91,1857,1240
91,1320,1292
90,1255,913
92,1261,928
74,1275,929
92,1278,926
121,1288,1296
117,1300,1220
118,1324,1241
122,1311,1331
94,1349,948
120,1355,1268
125,1388,1397
74,956,1369
36,945,1392
125,1403,1408
126,1418,1426
130,1478,1485
96,1440,980
97,1443,979
76,990,1452
127,1465,1438
98,2245,1937
96,1882,1440
77,992,1480
126,1493,1432
8,2270,752
131,1513,1516
154,1875,1887
101,1532,1003
79,1547,988
99,1552,985
145,1703,2316
76,1452,1561
104,1999,1976
79,1067,1575
134,2067,2052
107,2090,1689
162,2051,2395
177,2361,2364
98,1621,1605
129,1912,1472
78,2479,2291
161,2041,2026
106,2155,1779
140,1632,1639
142,1664,1720
106,2180,1636
82,1735,1084
68,1035,1655
157,1944,1956
76,1062,1667
111,2112,1691
144,1685,1692
169,2218,2211
137,2312,2072
146,1718,1983
146,1713,1721
147,1731,1740
142,1745,1660
84,1760,833
110,1765,1089
106,2137,1646
111,2159,1100
137,2297,1989
161,2026,2030
89,1808,911
113,1813,1139
32,949,1823
116,1843,1192
115,1862,1158
118,1868,1237
154,1879,1893
96,1528,1882
134,1917,1565
138,1923,1611
129,2249,1476
98,2275,1621
157,1948,1962
100,1673,1951
141,1979,1645
176,2331,2335
13,695,2432
181,2476,2466
135,2004,1573
158,2010,1974
139,2034,1625
10,1785,2020
134,2052,1562
136,2386,2210
78,1601,2060
163,2065,2077
136,2094,1598
164,2083,2099
143,2117,1672
144,2123,1690
141,2339,1979
149,2145,1780
140,2164,1637
149,2170,1782
140,2184,1632
141,2190,1647
178,2383,2391
169,2206,2218
145,2441,1696
137,2368,2230
176,2335,2344
179,2427,2417
131,2255,1513
131,1939,2255
139,2279,1615
156,2285,1938
108,2483,1608
159,2302,1988
175,2309,2321
170,2326,2231
158,2348,1984
141,2239,2339
137,1989,2368
53,2226,2363
162,2395,2057
169,2401,2214
166,2420,2142
171,2426,2233
170,2446,2326
175,2451,2317
108,1792,2465
159,2508,2372
138,2487,1604
174,2493,2295
177,2512,2361
181,2518,2476
249,797,860
271,869,872
269,861,997
198,744,795
311,994,996
430,1500,1519
432,1506,1509
534,1930,1942
337,1095,1097
611,2267,2289
207,753,1619
601,2226,2228
500,1772,1784
220,766,2131
491,1727,1749
507,1795,1807
641,2408,2424
233,779,1225
398,1364,1366
358,1182,1184
235,781,1308
517,1843,1845
386,1306,1309
369,1232,1318
358,1183,1199
230,776,890
496,1752,1769
407,1407,1409
221,767,2413
218,764,2084
492,1731,1734
555,2017,2038
224,770,1706
208,754,2022
652,2460,2462
480,1685,1688
216,762,2198
205,751,1935
660,2500,2522
412,1431,1433
646,2433,2450
376,1261,1263
320,1029,1031
439,1539,1551
251,805,807
299,958,960
661,2504,2507
598,2213,2215
409,1418,1421
604,2236,2238
348,1141,1155
317,1018,1021
326,1056,1058
274,882,1104
277,893,895
274,883,885
370,1236,1238
244,790,1389
373,1247,1250
395,1349,1351
393,1341,1344
359,1188,1194
246,792,796
652,2461,2473
215,761,1700
630,2354,2356
303,974,977
226,772,1650
440,1543,1546
260,832,834
323,1042,1045
270,865,878
203,749,1508
261,835,899
340,1106,1109
238,784,933
507,1794,1796
381,1284,1286
283,916,918
297,953,955
378,1271,1274
443,1559,1570
529,1905,1921
251,806,968
584,2145,2147
463,1628,1946
413,1435,1451
527,1892,1894
594,2196,2199
476,1671,1950
307,986,1066
486,1704,1707
552,1999,2001
564,2056,2058
448,1576,1587
449,1580,1593
333,1081,1091
259,826,829
254,815,828
324,1047,1055
367,1223,1226
266,849,856
267,852,855
200,746,871
435,1522,1531
341,1111,1119
344,1127,1133
280,905,909
362,1202,1213
518,1850,1861
353,1161,1178
347,1138,1166
290,931,934
519,1854,1867
513,1824,1827
374,1252,1260
398,1365,1381
293,943,1208
364,1210,1214
404,1393,1401
394,1346,1360
516,1837,1840
400,1373,1375
436,1526,1537
528,1898,1900
419,1456,1464
303,973,976
616,2292,2301
505,1789,1791
304,978,1424
328,1064,1630
426,1481,1497
475,1668,1676
606,2242,2253
272,876,1010
253,813,1027
318,1022,1024
219,765,1777
455,1603,1911
450,1583,1586
472,1656,1662
325,1051,1054
324,1046,1049
551,1996,2009
590,2177,2194
575,2105,2116
452,1595,1600
565,2061,2071
424,1475,1607
331,1073,1077
540,1952,1960
334,1085,1087
497,1756,1759
585,2152,2168
576,2109,2122
342,1115,1118
343,1121,1125
346,1135,1137
509,1804,1817
350,1148,1150
349,1144,1146
355,1168,1171
349,1145,1175
361,1196,1200
515,1833,1836
286,924,1217
383,1293,1304
520,1858,1873
389,1321,1335
375,1256,1259
376,1262,1266
379,1276,1283
380,1279,1282
382,1287,1290
385,1301,1305
390,1325,1329
387,1310,1313
395,1350,1354
396,1356,1359
403,1387,1390
298,957,1380
294,946,1404
406,1402,1405
409,1417,1420
425,1477,1479
415,1441,1448
416,1444,1447
309,991,1461
421,1466,1470
607,2246,2264
525,1883,1891
310,993,1491
429,1494,1498
612,2271,2274
433,1512,1514
523,1874,1876
438,1533,1536
441,1548,1557
442,1553,1556
485,1702,2310
418,1453,1569
552,2000,2015
329,1068,1590
567,2068,2081
572,2091,2103
562,2050,2385
631,2360,2362
461,1622,1627
531,1913,1916
656,2480,2497
560,2040,2043
586,2156,2174
464,1631,1633
474,1663,1719
591,2181,2189
493,1736,1744
321,1036,1665
538,1943,1945
327,1063,1679
577,2113,2128
480,1684,1687
599,2217,2220
621,2313,2325
489,1717,1978
488,1712,1715
492,1730,1733
495,1746,1750
498,1761,1764
499,1766,1770
582,2138,2144
587,2160,2163
618,2298,2307
557,2025,2027
510,1809,1812
511,1814,1818
296,950,1839
517,1844,1848
521,1863,1866
522,1869,1872
524,1878,1880
437,1529,1901
532,1918,1922
533,1924,1928
608,2250,2254
613,2276,2284
539,1947,1949
477,1674,1970
546,1980,1982
625,2330,2332
214,760,2438
655,2475,2477
553,2005,2008
554,2011,2014
559,2035,2039
504,1786,2042
563,2053,2055
637,2387,2405
454,1602,2074
566,2064,2066
573,2095,2097
570,2082,2085
578,2118,2121
579,2124,2127
627,2340,2352
584,2146,2150
588,2165,2169
589,2171,2175
592,2185,2188
593,2191,2195
636,2382,2384
596,2205,2208
648,2442,2445
633,2369,2381
626,2334,2337
645,2426,2429
609,2256,2259
537,1940,2263
614,2280,2283
615,2286,2290
657,2484,2492
619,2303,2306
620,2308,2311
624,2327,2329
629,2349,2353
605,2240,2357
549,1990,2374
601,2227,2378
639,2396,2400
640,2402,2406
644,2421,2425
645,2427,2430
649,2447,2456
650,2452,2455
506,1793,2472
662,2509,2517
658,2488,2491
659,2494,2498
663,2513,2516
664,2519,2523
268,868,860
201,863,872
311,1011,997
199,800,795
202,1000,996
434,1517,1519
204,1505,1509
537,1941,1942
247,1094,1097
615,2287,2289
460,1620,1619
213,2225,2228
503,1783,1784
580,2136,2131
495,1747,1749
509,1805,1807
644,2422,2424
367,1231,1225
243,1363,1366
240,1181,1184
386,1319,1308
357,1822,1845
236,1312,1309
388,1328,1318
361,1197,1199
276,900,890
499,1767,1769
397,1386,1409
642,2415,2413
570,2089,2084
491,1728,1734
559,2036,2038
486,1711,1706
556,2024,2022
210,2459,2462
479,1683,1688
594,2204,2198
535,1936,1935
664,2520,2522
306,1416,1433
649,2448,2450
287,1245,1263
256,1016,1031
441,1549,1551
197,810,807
196,963,960
660,2501,2507
484,2203,2215
408,1415,1421
603,2234,2238
351,1153,1155
316,1015,1021
264,1040,1058
339,1124,1104
276,891,895
273,881,885
281,1230,1238
403,1391,1389
372,1244,1250
294,1339,1351
392,1338,1344
360,1193,1194
184,803,796
654,2471,2473
484,1701,1700
604,2333,2356
302,972,977
470,1654,1650
439,1540,1546
229,837,834
322,1039,1045
272,877,878
432,1510,1508
278,908,899
339,1103,1109
290,938,933
232,1800,1796
237,1289,1286
282,914,918
296,951,955
377,1269,1274
446,1568,1570
532,1919,1921
301,969,968
501,2135,2147
538,1965,1946
417,1469,1451
422,1877,1894
217,2207,2199
539,1971,1950
328,1076,1066
225,1714,1707
321,1993,2001
452,2049,2058
450,1585,1587
451,1591,1593
335,1090,1091
255,825,829
259,830,828
325,1053,1055
234,1234,1226
267,854,856
265,847,855
271,873,871
437,1530,1531
342,1117,1119
345,1132,1133
279,903,909
364,1211,1213
520,1859,1861
356,1176,1178
354,1172,1166
239,941,934
521,1865,1867
512,1821,1827
375,1258,1260
401,1379,1381
363,1222,1208
363,1207,1214
405,1399,1401
396,1358,1360
298,1831,1840
295,1371,1375
438,1535,1537
436,1881,1900
420,1462,1464
299,982,976
618,2299,2301
504,1787,1791
410,1430,1424
463,1642,1630
429,1495,1497
477,1675,1676
608,2251,2253
315,1012,1010
319,1028,1027
257,1032,1024
501,1778,1777
530,1927,1911
447,1574,1586
473,1661,1662
323,1044,1054
265,1059,1049
553,2007,2009
593,2192,2194
577,2114,2116
453,1599,1600
567,2069,2071
456,1613,1607
329,1069,1077
541,1958,1960
333,1082,1087
496,1753,1759
588,2166,2168
578,2120,2122
340,1108,1118
341,1113,1125
344,1129,1137
511,1815,1817
348,1142,1150
284,1154,1146
353,1162,1171
356,1177,1175
359,1190,1200
514,1830,1836
365,1218,1217
385,1302,1304
522,1871,1873
391,1333,1335
373,1249,1259
374,1254,1266
380,1281,1283
378,1273,1282
291,1297,1290
384,1298,1305
389,1322,1329
381,1332,1313
394,1347,1354
393,1343,1359
245,1398,1390
401,1382,1380
406,1406,1404
400,1410,1405
302,1427,1420
307,1486,1479
416,1446,1448
414,1439,1447
420,1463,1461
419,1458,1470
610,2262,2264
526,1889,1891
428,1492,1491
427,1487,1498
611,2268,2274
314,1518,1514
413,1888,1876
435,1524,1536
442,1555,1557
440,1545,1556
620,2319,2310
446,1571,1569
554,2013,2015
451,1592,1590
569,2079,2081
574,2101,2103
636,2399,2385
212,2365,2362
462,1626,1627
529,1906,1916
659,2495,2497
506,2028,2043
589,2172,2174
330,1641,1633
489,1725,1719
592,2187,2189
494,1742,1744
474,1666,1665
425,1957,1945
478,1680,1679
579,2126,2128
337,1693,1687
573,2212,2220
623,2323,2325
545,1986,1978
471,1722,1715
332,1741,1733
493,1738,1750
497,1758,1764
498,1763,1770
583,2143,2144
585,2153,2163
619,2305,2307
457,2031,2027
508,1801,1812
510,1811,1818
516,1841,1839
515,1835,1848
518,1852,1866
519,1856,1872
423,1895,1880
528,1903,1901
530,1910,1922
531,1915,1928
607,2247,2254
614,2282,2284
465,1964,1949
543,1972,1970
544,1975,1982
223,2336,2332
647,2440,2438
548,2468,2477
550,1994,2008
551,1998,2014
558,2032,2039
560,2044,2042
561,2048,2055
640,2403,2405
568,2075,2074
562,2078,2066
572,2092,2097
479,2100,2085
575,2107,2121
576,2111,2127
629,2350,2352
582,2140,2150
586,2157,2169
587,2162,2175
590,2178,2188
591,2183,2195
485,2392,2384
571,2219,2208
647,2439,2445
635,2379,2381
487,2345,2337
605,2419,2429
606,2244,2259
610,2265,2263
612,2273,2283
613,2278,2290
658,2490,2492
617,2296,2306
566,2322,2311
621,2315,2329
628,2346,2353
630,2359,2357
634,2375,2374
635,2380,2378
637,2388,2400
638,2393,2406
643,2418,2425
642,2414,2430
650,2454,2456
648,2444,2455
654,2474,2472
663,2515,2517
656,2481,2491
657,2486,2498
661,2506,2516
662,2511,2523
268,858,868
201,747,863
311,995,1011
199,745,800
202,748,1000
434,1515,1517
204,750,1505
537,1939,1941
247,728,1094
615,2285,2287
460,1618,1620
213,759,2225
503,1781,1783
580,2130,2136
495,1745,1747
509,1803,1805
644,2420,2422
367,1224,1231
243,789,1363
240,786,1181
386,1307,1319
357,1179,1822
236,782,1312
388,1316,1328
361,1195,1197
276,889,900
499,1765,1767
397,1361,1386
642,2412,2415
570,2083,2089
491,1726,1728
559,2034,2036
486,1705,1711
556,2021,2024
210,756,2459
479,1681,1683
594,2197,2204
535,1934,1936
664,2518,2520
306,984,1416
649,2446,2448
287,925,1245
256,818,1016
441,1547,1549
197,743,810
196,742,963
660,2499,2501
484,1698,2203
408,1413,1415
603,2232,2234
351,1151,1153
316,1013,1015
264,843,1040
339,1102,1124
276,888,891
273,879,881
281,910,1230
403,1388,1391
372,1242,1244
294,945,1339
392,1336,1338
360,1191,1193
184,730,803
654,2469,2471
484,1699,1701
604,2235,2333
302,970,972
470,1649,1654
439,1538,1540
229,775,837
322,1037,1039
272,875,877
432,1507,1510
278,897,908
339,1101,1103
290,932,938
232,778,1800
237,783,1289
282,912,914
296,949,951
377,1267,1269
446,1566,1568
532,1917,1919
301,967,969
501,1775,2135
538,1944,1965
417,1450,1469
422,1471,1877
217,763,2207
539,1948,1971
328,1065,1076
225,771,1714
321,1035,1993
452,1594,2049
450,1582,1585
451,1588,1591
335,1088,1090
255,816,825
259,827,830
325,1050,1053
234,780,1234
267,851,854
265,845,847
271,870,873
437,1528,1530
342,1114,1117
345,1130,1132
279,901,903
364,1209,1211
520,1857,1859
356,1173,1176
354,1165,1172
239,785,941
521,1862,1865
512,1819,1821
375,1255,1258
401,1377,1379
363,1206,1222
363,1205,1207
405,1396,1399
396,1355,1358
298,956,1831
295,947,1371
438,1532,1535
436,1525,1881
420,1459,1462
299,959,982
618,2297,2299
504,1785,1787
410,1423,1430
463,1629,1642
429,1493,1495
477,1673,1675
608,2249,2251
315,1008,1012
319,1026,1028
257,821,1032
501,1776,1778
530,1909,1927
447,1572,1574
473,1659,1661
323,1041,1044
265,846,1059
553,2004,2007
593,2190,2192
577,2112,2114
453,1597,1599
567,2067,2069
456,1606,1613
329,1067,1069
541,1955,1958
333,1080,1082
496,1751,1753
588,2164,2166
578,2117,2120
340,1105,1108
341,1110,1113
344,1126,1129
511,1813,1815
348,1140,1142
284,920,1154
353,1160,1162
356,1174,1177
359,1187,1190
514,1828,1830
365,1216,1218
385,1300,1302
522,1868,1871
391,1330,1333
373,1246,1249
374,1251,1254
380,1278,1281
378,1270,1273
291,936,1297
384,1295,1298
389,1320,1322
381,1285,1332
394,1345,1347
393,1340,1343
245,791,1398
401,1378,1382
406,1403,1406
400,1374,1410
302,971,1427
307,987,1486
416,1443,1446
414,1437,1439
420,1460,1463
419,1455,1458
610,2260,2262
526,1886,1889
428,1490,1492
427,1484,1487
611,2266,2268
314,1006,1518
413,1436,1888
435,1521,1524
442,1552,1555
440,1542,1545
620,2309,2319
446,1567,1571
554,2010,2013
451,1589,1592
569,2076,2079
574,2098,2101
636,2383,2399
212,758,2365
462,1624,1626
529,1904,1906
659,2493,2495
506,1792,2028
589,2170,2172
330,1071,1641
489,1718,1725
592,2184,2187
494,1739,1742
474,1664,1666
425,1478,1957
478,1678,1680
579,2123,2126
337,1096,1693
573,2094,2212
623,2320,2323
545,1977,1986
471,1652,1722
332,1079,1741
493,1735,1738
497,1755,1758
498,1760,1763
583,2141,2143
585,2151,2153
619,2302,2305
457,1609,2031
508,1798,1801
510,1808,1811
516,1838,1841
515,1832,1835
518,1849,1852
519,1853,1856
423,1474,1895
528,1899,1903
530,1908,1910
531,1912,1915
607,2245,2247
614,2279,2282
465,1635,1964
543,1968,1972
544,1973,1975
223,769,2336
647,2437,2440
548,1987,2468
550,1991,1994
551,1995,1998
558,2029,2032
560,2041,2044
561,2046,2048
640,2401,2403
568,2073,2075
562,2051,2078
572,2090,2092
479,1682,2100
575,2104,2107
576,2108,2111
629,2348,2350
582,2137,2140
586,2155,2157
587,2159,2162
590,2176,2178
591,2180,2183
485,1703,2392
571,2087,2219
647,2436,2439
635,2376,2379
487,1709,2345
605,2239,2419
606,2241,2244
610,2261,2265
612,2270,2273
613,2275,2278
658,2487,2490
617,2294,2296
566,2065,2322
621,2312,2315
628,2343,2346
630,2355,2359
634,2373,2375
635,2377,2380
637,2386,2388
638,2390,2393
643,2416,2418
642,2411,2414
650,2451,2454
648,2441,2444
654,2470,2474
663,2512,2515
656,2479,2481
657,2483,2486
661,2503,2506
662,2508,2511
249,866,798
271,874,870
269,1009,862
198,799,679
311,1001,995
430,1502,1499
432,1511,1507
534,1932,1929
337,1098,1096
611,2269,2266
207,1616,688
601,2229,2227
500,1774,1771
220,2134,701
491,1729,1726
507,1797,1794
641,2410,2407
233,1229,714
398,1368,1365
358,1186,1183
235,1317,716
517,1847,1844
386,1314,1307
369,1326,1233
358,1185,1182
230,898,711
496,1754,1751
407,1411,1408
221,2409,702
218,2088,699
492,1732,1730
555,2019,2016
224,1710,705
208,2018,689
652,2464,2461
480,1686,1684
216,2202,697
205,1931,686
660,2502,2499
412,1434,1432
646,2435,2432
376,1265,1262
320,1033,1030
439,1541,1538
251,811,806
299,965,959
661,2505,2503
598,2216,2214
409,1419,1417
604,2237,2235
348,1143,1140
317,1019,1017
326,1060,1057
274,1122,883
277,894,892
274,884,882
370,1239,1237
244,1385,725
373,1248,1246
395,1353,1350
393,1342,1340
359,1189,1187
246,804,727
652,2463,2460
215,1697,696
630,2358,2355
303,975,973
226,1653,707
440,1544,1542
260,838,833
323,1043,1041
270,867,864
203,1501,684
261,906,836
340,1107,1105
238,937,719
507,1802,1795
381,1291,1285
283,917,915
297,954,952
378,1272,1270
443,1560,1558
529,1907,1904
251,964,805
584,2149,2146
463,1963,1629
413,1467,1436
527,1896,1893
594,2209,2197
476,1969,1672
307,1074,987
486,1716,1705
552,2003,2000
564,2059,2057
448,1577,1575
449,1581,1579
333,1083,1080
259,831,827
254,822,814
324,1048,1046
367,1235,1224
266,850,848
267,853,851
200,859,681
435,1523,1521
341,1112,1110
344,1128,1126
280,907,904
362,1203,1201
518,1851,1849
353,1163,1160
347,1170,1139
290,942,932
519,1855,1853
513,1825,1823
374,1253,1251
398,1367,1364
293,1221,944
364,1212,1209
404,1394,1392
394,1348,1345
516,1842,1838
400,1376,1374
436,1527,1525
528,1902,1899
419,1457,1455
303,983,974
616,2293,2291
505,1790,1788
304,1428,979
328,1640,1065
426,1483,1480
475,1669,1667
606,2243,2241
272,1004,875
253,1020,812
318,1034,1023
219,1773,700
455,1925,1604
450,1584,1582
472,1657,1655
325,1052,1050
324,1061,1047
551,1997,1995
590,2179,2176
575,2106,2104
452,1596,1594
565,2062,2060
424,1612,1476
331,1075,1072
540,1953,1951
334,1086,1084
497,1757,1755
585,2154,2151
576,2110,2108
342,1116,1114
343,1123,1120
346,1136,1134
509,1806,1803
350,1149,1147
349,1156,1145
355,1169,1167
349,1159,1144
361,1198,1195
515,1834,1832
286,1204,923
383,1294,1292
520,1860,1857
389,1323,1320
375,1257,1255
376,1264,1261
379,1277,1275
380,1280,1278
382,1299,1288
385,1303,1300
390,1327,1324
387,1334,1311
395,1352,1349
396,1357,1355
403,1400,1388
298,1372,956
294,1395,945
406,1412,1403
409,1429,1418
425,1488,1478
415,1442,1440
416,1445,1443
309,1454,990
421,1468,1465
607,2248,2245
525,1884,1882
310,1482,992
429,1496,1493
612,2272,2270
433,1520,1513
523,1890,1875
438,1534,1532
441,1550,1547
442,1554,1552
485,2318,1703
418,1563,1452
552,2002,1999
329,1578,1067
567,2070,2067
572,2093,2090
562,2397,2051
631,2367,2361
461,1623,1621
531,1914,1912
656,2482,2479
560,2045,2041
586,2158,2155
464,1643,1632
474,1723,1664
591,2182,2180
493,1737,1735
321,1658,1035
538,1959,1944
327,1670,1062
577,2115,2112
480,1694,1685
599,2222,2218
621,2314,2312
489,1985,1718
488,1724,1713
492,1743,1731
495,1748,1745
498,1762,1760
499,1768,1765
582,2139,2137
587,2161,2159
618,2300,2297
557,2033,2026
510,1810,1808
511,1816,1813
296,1826,949
517,1846,1843
521,1864,1862
522,1870,1868
524,1897,1879
437,1885,1528
532,1920,1917
533,1926,1923
608,2252,2249
613,2277,2275
539,1966,1948
477,1954,1673
546,1981,1979
625,2338,2331
214,2434,695
655,2478,2476
553,2006,2004
554,2012,2010
559,2037,2034
504,2023,1785
563,2054,2052
637,2389,2386
454,2063,1601
566,2080,2065
573,2096,2094
570,2102,2083
578,2119,2117
579,2125,2123
627,2341,2339
584,2148,2145
588,2167,2164
589,2173,2170
592,2186,2184
593,2193,2190
636,2394,2383
596,2221,2206
648,2443,2441
633,2371,2368
626,2347,2335
645,2431,2427
609,2257,2255
537,2258,1939
614,2281,2279
615,2288,2285
657,2485,2483
619,2304,2302
620,2324,2309
624,2328,2326
629,2351,2348
605,2342,2239
549,2370,1989
601,2366,2226
639,2398,2395
640,2404,2401
644,2423,2420
645,2428,2426
649,2449,2446
650,2453,2451
506,2467,1792
662,2510,2508
658,2489,2487
659,2496,2493
663,2514,2512
664,2521,2518
3,857,797
50,682,869
4,994,861
2,680,744
4,683,994
131,1516,1500
51,685,1506
156,1940,1930
35,793,1095
173,2286,2267
9,1617,753
53,694,2226
149,1782,1772
18,2129,766
147,1746,1727
151,1804,1795
179,2421,2408
27,1223,779
64,724,1364
63,721,1182
28,1306,781
116,1180,1843
28,717,1306
61,1315,1232
116,1196,1183
25,888,776
148,1766,1752
124,1362,1407
19,2411,767
16,2082,764
147,1727,1731
161,2035,2017
21,1704,770
10,2020,754
52,691,2460
144,1682,1685
15,2196,762
7,1933,751
183,2519,2500
99,985,1431
180,2447,2433
92,926,1261
83,819,1029
133,1548,1539
48,678,805
47,677,958
183,2500,2504
145,1699,2213
126,1414,1418
171,2233,2236
114,1152,1141
102,1014,1018
85,844,1056
41,1101,882
88,889,893
87,880,883
89,911,1236
34,1387,790
119,1243,1247
94,946,1349
123,1337,1341
116,1192,1188
1,665,792
181,2470,2461
54,1698,761
171,2236,2354
97,971,974
22,1648,772
133,1539,1543
24,710,832
105,1038,1042
86,876,865
51,1506,749
59,896,835
112,1102,1106
30,931,784
26,713,1794
29,718,1284
90,913,916
95,950,953
120,1268,1271
134,1567,1559
155,1918,1905
70,966,806
149,1776,2145
67,1943,1628
66,1449,1435
129,1472,1892
15,698,2196
81,1947,1671
67,1064,986
21,706,1704
104,1036,1999
136,1595,2056
135,1583,1576
135,1589,1580
110,1089,1081
82,817,826
82,826,815
105,1051,1047
27,715,1223
85,852,849
85,846,852
50,869,746
132,1529,1522
112,1115,1111
113,1131,1127
88,902,905
117,1210,1202
153,1858,1850
115,1174,1161
89,1164,1138
30,720,931
153,1863,1854
152,1820,1824
119,1256,1252
124,1378,1365
73,1205,943
117,1206,1210
125,1397,1393
123,1356,1346
95,957,1837
94,948,1373
132,1533,1526
132,1526,1898
128,1460,1456
47,958,973
174,2298,2292
150,1786,1789
77,1422,978
67,1628,1064
130,1494,1481
143,1674,1668
172,2250,2242
86,1007,876
79,1025,813
68,820,1022
56,1775,765
78,1908,1603
135,1573,1583
142,1660,1656
105,1042,1051
69,845,1046
160,2005,1996
168,2191,2177
165,2113,2105
136,1598,1595
163,2068,2061
98,1605,1475
109,1068,1073
157,1956,1952
110,1081,1085
148,1752,1756
167,2165,2152
165,2118,2109
112,1106,1115
112,1111,1121
113,1127,1135
151,1814,1804
114,1141,1148
72,919,1144
115,1161,1168
114,1173,1145
116,1188,1196
152,1829,1833
91,1215,924
121,1301,1293
153,1869,1858
122,1331,1321
119,1247,1256
119,1252,1262
120,1279,1276
120,1271,1279
62,935,1287
121,1296,1301
122,1321,1325
29,1284,1310
123,1346,1350
123,1341,1356
34,726,1387
95,1377,957
94,1402,946
94,1373,1402
46,970,1417
67,986,1477
127,1444,1441
127,1438,1444
100,1459,991
128,1456,1466
172,2261,2246
154,1887,1883
100,1489,993
130,1485,1494
173,2267,2271
75,1005,1512
66,1435,1874
132,1522,1533
133,1553,1548
133,1543,1553
103,2308,1702
128,1566,1453
160,2011,2000
109,1588,1068
163,2077,2068
164,2099,2091
103,2382,2050
12,693,2360
139,1625,1622
155,1905,1913
182,2494,2480
150,1793,2040
167,2171,2156
80,1070,1631
104,1717,1663
168,2185,2181
147,1740,1736
104,1663,1036
67,1477,1943
107,1677,1063
165,2124,2113
35,1095,1684
164,2095,2217
175,2321,2313
104,1976,1717
58,1651,1712
23,1078,1730
147,1736,1746
148,1756,1761
148,1761,1766
166,2142,2138
167,2152,2160
174,2303,2298
108,1608,2025
151,1799,1809
151,1809,1814
95,1837,950
152,1833,1844
153,1850,1863
153,1854,1869
75,1473,1878
132,1898,1529
155,1909,1918
155,1913,1924
172,2246,2250
173,2280,2276
81,1634,1947
143,1967,1674
158,1974,1980
20,704,2330
14,2436,760
159,1988,2475
160,1992,2005
160,1996,2011
161,2030,2035
150,2040,1786
162,2047,2053
178,2402,2387
137,2072,1602
103,2050,2064
164,2091,2095
16,1681,2082
165,2105,2118
165,2109,2124
176,2349,2340
166,2138,2146
167,2156,2165
167,2160,2171
168,2177,2185
168,2181,2191
103,1702,2382
55,2086,2205
180,2437,2442
177,2377,2369
57,1708,2334
171,2240,2426
172,2242,2256
156,2260,1940
173,2271,2280
173,2276,2286
182,2488,2484
174,2295,2303
103,2064,2308
175,2313,2327
176,2344,2349
171,2354,2240
159,2372,1990
170,2376,2227
178,2387,2396
178,2391,2402
179,2417,2421
179,2412,2427
180,2452,2447
180,2442,2452
150,2469,1793
183,2513,2509
182,2480,2488
182,2484,2494
183,2504,2513
183,2509,2519
270,866,868
269,874,863
315,1009,1011
249,799,800
312,1001,1000
312,1502,1517
431,1511,1505
431,1932,1941
336,1098,1094
535,2269,2287
459,1616,1620
600,2229,2225
336,1774,1783
581,2134,2136
470,1729,1747
277,1797,1805
580,2410,2422
368,1229,1231
397,1368,1363
357,1186,1181
388,1317,1319
512,1847,1822
387,1314,1312
390,1326,1328
292,1185,1197
278,898,900
332,1754,1767
402,1411,1386
641,2409,2415
571,2088,2089
227,1732,1728
460,2019,2036
487,1710,1711
555,2018,2024
651,2464,2459
248,1686,1683
595,2202,2204
534,1931,1936
651,2502,2520
408,1434,1416
600,2435,2448
372,1265,1245
316,1033,1016
253,1541,1549
252,811,810
300,965,963
211,2505,2501
595,2216,2203
194,1419,1415
222,2237,2234
283,1143,1153
192,1019,1015
322,1060,1040
343,1122,1124
231,894,891
189,884,881
368,1239,1230
402,1385,1391
187,1248,1244
392,1353,1339
185,1342,1338
288,1189,1193
250,804,803
505,2463,2471
483,1697,1701
625,2358,2333
195,975,972
471,1653,1654
193,1544,1540
261,838,837
191,1043,1039
252,867,877
430,1501,1510
280,906,908
190,1107,1103
291,937,938
508,1802,1800
382,1291,1289
188,917,914
242,954,951
186,1272,1269
417,1560,1568
443,1907,1919
300,964,969
581,2149,2135
542,1963,1965
421,1467,1469
523,1896,1877
596,2209,2207
543,1969,1971
331,1074,1076
488,1716,1714
550,2003,1993
561,2059,2049
319,1577,1585
330,1581,1591
262,1083,1090
258,831,825
257,822,830
258,1048,1053
369,1235,1234
263,850,854
262,853,847
268,859,873
301,1523,1530
266,1112,1117
275,1128,1132
263,907,903
284,1203,1211
286,1851,1859
350,1163,1176
355,1170,1172
292,942,941
354,1855,1865
241,1825,1821
285,1253,1258
297,1367,1379
366,1221,1222
285,1212,1207
250,1394,1399
379,1348,1358
514,1842,1831
399,1376,1371
314,1527,1535
524,1902,1881
310,1457,1462
305,983,982
454,2293,2299
209,1790,1787
411,1428,1430
467,1640,1642
410,1483,1495
309,1669,1675
423,2243,2251
313,1004,1012
317,1020,1028
320,1034,1032
500,1773,1778
533,1925,1927
318,1584,1574
254,1657,1661
256,1052,1044
326,1061,1059
449,1997,2007
468,2179,2192
338,2106,2114
327,1596,1599
445,2062,2069
458,1612,1613
308,1075,1069
428,1953,1958
255,1086,1082
228,1757,1753
465,2154,2166
478,2110,2120
264,1116,1108
275,1123,1113
279,1136,1129
346,1806,1815
273,1149,1142
351,1156,1154
345,1169,1162
352,1159,1177
293,1198,1190
289,1834,1830
362,1204,1218
365,1294,1302
371,1860,1871
383,1323,1333
282,1257,1249
288,1264,1254
289,1277,1281
287,1280,1273
384,1299,1297
366,1303,1298
371,1327,1322
391,1334,1332
295,1352,1347
377,1357,1343
405,1400,1398
399,1372,1382
404,1395,1406
407,1412,1410
411,1429,1427
427,1488,1486
305,1442,1446
304,1445,1439
418,1454,1463
414,1468,1458
536,2248,2262
415,1884,1889
426,1482,1492
412,1496,1487
206,2272,2268
434,1520,1518
526,1890,1888
313,1534,1524
308,1550,1555
306,1554,1545
622,2318,2319
444,1563,1571
545,2002,2013
448,1578,1592
563,2070,2079
481,2093,2101
639,2397,2399
632,2367,2365
456,1623,1626
422,1914,1906
616,2482,2495
557,2045,2028
502,2158,2172
467,1643,1641
490,1723,1725
466,2182,2187
334,1737,1742
472,1658,1666
541,1959,1957
475,1670,1680
482,2115,2126
482,1694,1693
597,2222,2212
568,2314,2323
547,1985,1986
490,1724,1722
494,1743,1741
473,1748,1738
260,1762,1758
335,1768,1763
469,2139,2143
338,2161,2153
549,2300,2305
558,2033,2031
281,1810,1801
347,1816,1811
513,1826,1841
360,1846,1835
352,1864,1852
370,1870,1856
527,1897,1895
525,1885,1903
445,1920,1910
458,1926,1915
424,2252,2247
461,2277,2282
542,1966,1964
540,1954,1972
468,1981,1975
626,2338,2336
646,2434,2440
653,2478,2468
447,2006,1994
544,2012,1998
462,2037,2032
556,2023,2044
444,2054,2048
597,2389,2403
565,2063,2075
569,2080,2078
453,2096,2092
574,2102,2100
476,2119,2107
481,2125,2111
546,2341,2350
502,2148,2140
466,2167,2157
503,2173,2162
464,2186,2178
469,2193,2183
638,2394,2392
599,2221,2219
483,2443,2439
602,2371,2379
628,2347,2345
643,2431,2419
433,2257,2244
609,2258,2265
459,2281,2273
536,2288,2278
457,2485,2490
548,2304,2296
623,2324,2322
602,2328,2315
547,2351,2346
627,2342,2359
633,2370,2375
632,2366,2380
564,2398,2388
598,2404,2393
583,2423,2418
603,2428,2414
624,2449,2454
622,2453,2444
653,2467,2474
634,2510,2515
455,2489,2481
617,2496,2486
631,2514,2506
655,2521,2511
868,858,865
863,747,861
1011,995,1008
800,745,797
1000,748,998
1517,1515,999
1505,750,1503
1941,1939,1504
1094,728,1092
2287,2285,1934
1620,1618,1615
2225,759,2223
1783,1781,1093
2136,2130,2133
1747,1745,1649
1805,1803,893
2422,2420,2130
1231,1224,1228
1363,789,1361
1181,786,1179
1319,1307,1316
1822,1179,1819
1312,782,1310
1328,1316,1325
1197,1195,940
900,889,897
1767,1765,1079
1386,1361,1383
2415,2412,2408
2089,2083,2087
1728,1726,708
2036,2034,1618
1711,1705,1709
2024,2021,2017
2459,756,2457
1683,1681,794
2204,2197,2201
1936,1934,1930
2520,2518,2458
1416,984,1413
2448,2446,2224
1245,925,1242
1016,818,1013
1549,1547,813
810,743,808
963,742,961
2501,2499,692
2203,1698,2200
1415,1413,675
2234,2232,703
1153,1151,916
1015,1013,673
1040,843,1037
1124,1102,1121
891,888,712
881,879,670
1230,910,1227
1391,1388,1384
1244,1242,668
1339,945,1336
1338,1336,666
1193,1191,928
803,730,801
2471,2469,1789
1701,1699,1696
2333,2235,2330
972,970,676
1654,1649,1652
1540,1538,674
837,775,835
1039,1037,672
877,875,809
1510,1507,1500
908,897,905
1103,1101,671
938,932,936
1800,778,1798
1289,783,1287
914,912,669
951,949,723
1269,1267,667
1568,1566,1450
1919,1917,1559
969,967,962
2135,1775,2132
1965,1944,1962
1469,1450,1466
1877,1471,1874
2207,763,2205
1971,1948,1968
1076,1065,1073
1714,771,1712
1993,1035,1991
2049,1594,2046
1585,1582,1026
1591,1588,1071
1090,1088,840
825,816,823
830,827,821
1053,1050,824
1234,780,1232
854,851,842
847,845,839
873,870,858
1530,1528,967
1117,1114,849
1132,1130,887
903,901,841
1211,1209,920
1859,1857,924
1176,1173,1148
1172,1165,1168
941,785,939
1865,1862,1165
1821,1819,722
1258,1255,922
1379,1377,953
1222,1206,1220
1207,1205,921
1399,1396,802
1358,1355,1276
1831,956,1828
1371,947,1369
1535,1532,1006
1881,1525,1878
1462,1459,993
982,959,980
2299,2297,1602
1787,1785,690
1430,1423,1426
1642,1629,1639
1495,1493,1423
1675,1673,991
2251,2249,1474
1012,1008,1003
1028,1026,1018
1032,821,1029
1778,1776,1772
1927,1909,1924
1574,1572,1022
1661,1659,815
1044,1041,818
1059,846,1056
2007,2004,1580
2192,2190,1645
2114,2112,1100
1599,1597,1063
2069,2067,1565
1613,1606,1611
1069,1067,988
1958,1955,1490
1082,1080,816
1753,1751,709
2166,2164,1635
2120,2117,1678
1108,1105,843
1113,1110,886
1129,1126,901
1815,1813,1135
1142,1140,879
1154,920,1151
1162,1160,1130
1177,1174,1158
1190,1187,943
1830,1828,929
1218,1216,1202
1302,1300,1216
1871,1868,1241
1333,1330,1293
1249,1246,912
1254,1251,927
1281,1278,930
1273,1270,925
1297,936,1295
1298,1295,1219
1322,1320,1240
1332,1285,1330
1347,1345,947
1343,1340,1267
1398,791,1396
1382,1378,1370
1406,1403,1393
1410,1374,1407
1427,971,1425
1486,987,1484
1446,1443,981
1439,1437,978
1463,1460,1453
1458,1455,1437
2262,2260,1938
1889,1886,1441
1492,1490,1481
1487,1484,1431
2268,2266,687
1518,1006,1515
1888,1436,1886
1524,1521,1002
1555,1552,989
1545,1542,984
2319,2309,2317
1571,1567,1562
2013,2010,1977
1592,1589,1576
2079,2076,2053
2101,2098,1690
2399,2383,2396
2365,758,2363
1626,1624,1606
1906,1904,1471
2495,2493,2292
2028,1792,2025
2172,2170,1780
1641,1071,1638
1725,1718,1721
2187,2184,1637
1742,1739,1085
1666,1664,1656
1957,1478,1955
1680,1678,1668
2126,2123,1692
1693,1096,1691
2212,2094,2210
2323,2320,2073
1986,1977,1984
1722,1652,1720
1741,1079,1739
1738,1735,1659
1758,1755,832
1763,1760,1088
2143,2141,1647
2153,2151,1099
2305,2302,1990
2031,1609,2029
1801,1798,910
1811,1808,1138
1841,1838,1824
1835,1832,1191
1852,1849,1157
1856,1853,1236
1895,1474,1892
1903,1899,1883
1910,1908,1564
1915,1912,1610
2247,2245,1475
2282,2279,1622
1964,1635,1961
1972,1968,1952
1975,1973,1644
2336,769,2334
2440,2437,2433
2468,1987,2465
1994,1991,1572
1998,1995,1973
2032,2029,1624
2044,2041,2021
2048,2046,1561
2403,2401,2211
2075,2073,2061
2078,2051,2076
2092,2090,1597
2100,1682,2098
2107,2104,1671
2111,2108,1689
2350,2348,1980
2140,2137,1779
2157,2155,1636
2162,2159,1781
2178,2176,1631
2183,2180,1646
2392,1703,2390
2219,2087,2217
2439,2436,1695
2379,2376,2231
2345,1709,2343
2419,2239,2416
2244,2241,1512
2265,2261,2256
2273,2270,1614
2278,2275,1937
2490,2487,1609
2296,2294,1987
2322,2065,2320
2315,2312,2230
2346,2343,1983
2359,2355,2340
2375,2373,2369
2380,2377,2364
2388,2386,2056
2393,2390,2213
2418,2416,2141
2414,2411,2232
2454,2451,2327
2444,2441,2316
2474,2470,2466
2515,2512,2373
2481,2479,1603
2486,2483,2294
2506,2503,2360
2511,2508,2475
798,866,864
870,874,862
862,1009,1007
679,799,798
995,1001,999
1499,1502,998
1507,1511,1504
1929,1932,1503
1096,1098,1093
2266,2269,1933
688,1616,1614
2227,2229,2224
1771,1774,1092
701,2134,2132
1726,1729,1648
1794,1797,892
2407,2410,2129
714,1229,1227
1365,1368,1362
1183,1186,1180
716,1317,1315
1844,1847,1820
1307,1314,1311
1233,1326,1324
1182,1185,939
711,898,896
1751,1754,1078
1408,1411,1384
702,2409,2407
699,2088,2086
1730,1732,773
2016,2019,1617
705,1710,1708
689,2018,2016
2461,2464,2458
1684,1686,729
697,2202,2200
686,1931,1929
2499,2502,2457
1432,1434,1414
2432,2435,2223
1262,1265,1243
1030,1033,1014
1538,1541,812
806,811,809
959,965,962
2503,2505,757
2214,2216,2201
1417,1419,740
2235,2237,768
1140,1143,915
1017,1019,738
1057,1060,1038
883,1122,1120
892,894,777
882,884,735
1237,1239,1228
725,1385,1383
1246,1248,733
1350,1353,1337
1340,1342,731
1187,1189,927
727,804,802
2460,2463,1788
696,1697,1695
2355,2358,2331
973,975,741
707,1653,1651
1542,1544,739
833,838,836
1041,1043,737
864,867,808
684,1501,1499
836,906,904
1105,1107,736
719,937,935
1795,1802,1799
1285,1291,1288
915,917,734
952,954,788
1270,1272,732
1558,1560,1449
1904,1907,1558
805,964,961
2146,2149,2133
1629,1963,1961
1436,1467,1465
1893,1896,1875
2197,2209,2206
1672,1969,1967
987,1074,1072
1705,1716,1713
2000,2003,1992
2057,2059,2047
1575,1577,1025
1579,1581,1070
1080,1083,839
827,831,824
814,822,820
1046,1048,823
1224,1235,1233
848,850,841
851,853,840
681,859,857
1521,1523,966
1110,1112,848
1126,1128,886
904,907,842
1201,1203,919
1849,1851,923
1160,1163,1147
1139,1170,1167
932,942,940
1853,1855,1164
1823,1825,787
1251,1253,921
1364,1367,952
944,1221,1219
1209,1212,922
1392,1394,801
1345,1348,1275
1838,1842,1829
1374,1376,1370
1525,1527,1005
1899,1902,1879
1455,1457,992
974,983,981
2291,2293,1601
1788,1790,755
979,1428,1425
1065,1640,1638
1480,1483,1422
1667,1669,990
2241,2243,1473
875,1004,1002
812,1020,1017
1023,1034,1030
700,1773,1771
1604,1925,1923
1582,1584,1023
1655,1657,814
1050,1052,819
1047,1061,1057
1995,1997,1579
2176,2179,1644
2104,2106,1099
1594,1596,1062
2060,2062,1564
1476,1612,1610
1072,1075,989
1951,1953,1489
1084,1086,817
1755,1757,774
2151,2154,1634
2108,2110,1677
1114,1116,844
1120,1123,887
1134,1136,902
1803,1806,1134
1147,1149,880
1145,1156,1152
1167,1169,1131
1144,1159,1157
1195,1198,944
1832,1834,930
923,1204,1201
1292,1294,1215
1857,1860,1240
1320,1323,1292
1255,1257,913
1261,1264,928
1275,1277,929
1278,1280,926
1288,1299,1296
1300,1303,1220
1324,1327,1241
1311,1334,1331
1349,1352,948
1355,1357,1268
1388,1400,1397
956,1372,1369
945,1395,1392
1403,1412,1408
1418,1429,1426
1478,1488,1485
1440,1442,980
1443,1445,979
990,1454,1452
1465,1468,1438
2245,2248,1937
1882,1884,1440
992,1482,1480
1493,1496,1432
2270,2272,752
1513,1520,1516
1875,1890,1887
1532,1534,1003
1547,1550,988
1552,1554,985
1703,2318,2316
1452,1563,1561
1999,2002,1976
1067,1578,1575
2067,2070,2052
2090,2093,1689
2051,2397,2395
2361,2367,2364
1621,1623,1605
1912,1914,1472
2479,2482,2291
2041,2045,2026
2155,2158,1779
1632,1643,1639
1664,1723,1720
2180,2182,1636
1735,1737,1084
1035,1658,1655
1944,1959,1956
1062,1670,1667
2112,2115,1691
1685,1694,1692
2218,2222,2211
2312,2314,2072
1718,1985,1983
1713,1724,1721
1731,1743,1740
1745,1748,1660
1760,1762,833
1765,1768,1089
2137,2139,1646
2159,2161,1100
2297,2300,1989
2026,2033,2030
1808,1810,911
1813,1816,1139
949,1826,1823
1843,1846,1192
1862,1864,1158
1868,1870,1237
1879,1897,1893
1528,1885,1882
1917,1920,1565
1923,1926,1611
2249,2252,1476
2275,2277,1621
1948,1966,1962
1673,1954,1951
1979,1981,1645
2331,2338,2335
695,2434,2432
2476,2478,2466
2004,2006,1573
2010,2012,1974
2034,2037,1625
1785,2023,2020
2052,2054,1562
2386,2389,2210
1601,2063,2060
2065,2080,2077
2094,2096,1598
2083,2102,2099
2117,2119,1672
2123,2125,1690
2339,2341,1979
2145,2148,1780
2164,2167,1637
2170,2173,1782
2184,2186,1632
2190,2193,1647
2383,2394,2391
2206,2221,2218
2441,2443,1696
2368,2371,2230
2335,2347,2344
2427,2431,2417
2255,2257,1513
1939,2258,2255
2279,2281,1615
2285,2288,1938
2483,2485,1608
2302,2304,1988
2309,2324,2321
2326,2328,2231
2348,2351,1984
2239,2342,2339
1989,2370,2368
2226,2366,2363
2395,2398,2057
2401,2404,2214
2420,2423,2142
2426,2428,2233
2446,2449,2326
2451,2453,2317
1792,2467,2465
2508,2510,2372
2487,2489,1604
2493,2496,2295
2512,2514,2361
2518,2521,2476
797,857,860
869,682,872
861,994,997
744,680,795
994,683,996
1500,1516,1519
1506,685,1509
1930,1940,1942
1095,793,1097
2267,2286,2289
753,1617,1619
2226,694,2228
1772,1782,1784
766,2129,2131
1727,1746,1749
1795,1804,1807
2408,2421,2424
779,1223,1225
1364,724,1366
1182,721,1184
781,1306,1308
1843,1180,1845
1306,717,1309
1232,1315,1318
1183,1196,1199
776,888,890
1752,1766,1769
1407,1362,1409
767,2411,2413
764,2082,2084
1731,1727,1734
2017,2035,2038
770,1704,1706
754,2020,2022
2460,691,2462
1685,1682,1688
762,2196,2198
751,1933,1935
2500,2519,2522
1431,985,1433
2433,2447,2450
1261,926,1263
1029,819,1031
1539,1548,1551
805,678,807
958,677,960
2504,2500,2507
2213,1699,2215
1418,1414,1421
2236,2233,2238
1141,1152,1155
1018,1014,1021
1056,844,1058
882,1101,1104
893,889,895
883,880,885
1236,911,1238
790,1387,1389
1247,1243,1250
1349,946,1351
1341,1337,1344
1188,1192,1194
792,665,796
2461,2470,2473
761,1698,1700
2354,2236,2356
974,971,977
772,1648,1650
1543,1539,1546
832,710,834
1042,1038,1045
865,876,878
749,1506,1508
835,896,899
1106,1102,1109
784,931,933
1794,713,1796
1284,718,1286
916,913,918
953,950,955
1271,1268,1274
1559,1567,1570
1905,1918,1921
806,966,968
2145,1776,2147
1628,1943,1946
1435,1449,1451
1892,1472,1894
2196,698,2199
1671,1947,1950
986,1064,1066
1704,706,1707
1999,1036,2001
2056,1595,2058
1576,1583,1587
1580,1589,1593
1081,1089,1091
826,817,829
815,826,828
1047,1051,1055
1223,715,1226
849,852,856
852,846,855
746,869,871
1522,1529,1531
1111,1115,1119
1127,1131,1133
905,902,909
1202,1210,1213
1850,1858,1861
1161,1174,1178
1138,1164,1166
931,720,934
1854,1863,1867
1824,1820,1827
1252,1256,1260
1365,1378,1381
943,1205,1208
1210,1206,1214
1393,1397,1401
1346,1356,1360
1837,957,1840
1373,948,1375
1526,1533,1537
1898,1526,1900
1456,1460,1464
973,958,976
2292,2298,2301
1789,1786,1791
978,1422,1424
1064,1628,1630
1481,1494,1497
1668,1674,1676
2242,2250,2253
876,1007,1010
813,1025,1027
1022,820,1024
765,1775,1777
1603,1908,1911
1583,1573,1586
1656,1660,1662
1051,1042,1054
1046,845,1049
1996,2005,2009
2177,2191,2194
2105,2113,2116
1595,1598,1600
2061,2068,2071
1475,1605,1607
1073,1068,1077
1952,1956,1960
1085,1081,1087
1756,1752,1759
2152,2165,2168
2109,2118,2122
1115,1106,1118
1121,1111,1125
1135,1127,1137
1804,1814,1817
1148,1141,1150
1144,919,1146
1168,1161,1171
1145,1173,1175
1196,1188,1200
1833,1829,1836
924,1215,1217
1293,1301,1304
1858,1869,1873
1321,1331,1335
1256,1247,1259
1262,1252,1266
1276,1279,1283
1279,1271,1282
1287,935,1290
1301,1296,1305
1325,1321,1329
1310,1284,1313
1350,1346,1354
1356,1341,1359
1387,726,1390
957,1377,1380
946,1402,1404
1402,1373,1405
1417,970,1420
1477,986,1479
1441,1444,1448
1444,1438,1447
991,1459,1461
1466,1456,1470
2246,2261,2264
1883,1887,1891
993,1489,1491
1494,1485,1498
2271,2267,2274
1512,1005,1514
1874,1435,1876
1533,1522,1536
1548,1553,1557
1553,1543,1556
1702,2308,2310
1453,1566,1569
2000,2011,2015
1068,1588,1590
2068,2077,2081
2091,2099,2103
2050,2382,2385
2360,693,2362
1622,1625,1627
1913,1905,1916
2480,2494,2497
2040,1793,2043
2156,2171,2174
1631,1070,1633
1663,1717,1719
2181,2185,2189
1736,1740,1744
1036,1663,1665
1943,1477,1945
1063,1677,1679
2113,2124,2128
1684,1095,1687
2217,2095,2220
2313,2321,2325
1717,1976,1978
1712,1651,1715
1730,1078,1733
1746,1736,1750
1761,1756,1764
1766,1761,1770
2138,2142,2144
2160,2152,2163
2298,2303,2307
2025,1608,2027
1809,1799,1812
1814,1809,1818
950,1837,1839
1844,1833,1848
1863,1850,1866
1869,1854,1872
1878,1473,1880
1529,1898,1901
1918,1909,1922
1924,1913,1928
2250,2246,2254
2276,2280,2284
1947,1634,1949
1674,1967,1970
1980,1974,1982
2330,704,2332
760,2436,2438
2475,1988,2477
2005,1992,2008
2011,1996,2014
2035,2030,2039
1786,2040,2042
2053,2047,2055
2387,2402,2405
1602,2072,2074
2064,2050,2066
2095,2091,2097
2082,1681,2085
2118,2105,2121
2124,2109,2127
2340,2349,2352
2146,2138,2150
2165,2156,2169
2171,2160,2175
2185,2177,2188
2191,2181,2195
2382,1702,2384
2205,2086,2208
2442,2437,2445
2369,2377,2381
2334,1708,2337
2426,2240,2429
2256,2242,2259
1940,2260,2263
2280,2271,2283
2286,2276,2290
2484,2488,2492
2303,2295,2306
2308,2064,2311
2327,2313,2329
2349,2344,2353
2240,2354,2357
1990,2372,2374
2227,2376,2378
2396,2387,2400
2402,2391,2406
2421,2417,2425
2427,2412,2430
2447,2452,2456
2452,2442,2455
1793,2469,2472
2509,2513,2517
2488,2480,2491
2494,2484,2498
2513,2504,2516
2519,2509,2523
868,866,860
863,874,872
1011,1009,997
800,799,795
1000,1001,996
1517,1502,1519
1505,1511,1509
1941,1932,1942
1094,1098,1097
2287,2269,2289
1620,1616,1619
2225,2229,2228
1783,1774,1784
2136,2134,2131
1747,1729,1749
1805,1797,1807
2422,2410,2424
1231,1229,1225
1363,1368,1366
1181,1186,1184
1319,1317,1308
1822,1847,1845
1312,1314,1309
1328,1326,1318
1197,1185,1199
900,898,890
1767,1754,1769
1386,1411,1409
2415,2409,2413
2089,2088,2084
1728,1732,1734
2036,2019,2038
1711,1710,1706
2024,2018,2022
2459,2464,2462
1683,1686,1688
2204,2202,2198
1936,1931,1935
2520,2502,2522
1416,1434,1433
2448,2435,2450
1245,1265,1263
1016,1033,1031
1549,1541,1551
810,811,807
963,965,960
2501,2505,2507
2203,2216,2215
1415,1419,1421
2234,2237,2238
1153,1143,1155
1015,1019,1021
1040,1060,1058
1124,1122,1104
891,894,895
881,884,885
1230,1239,1238
1391,1385,1389
1244,1248,1250
1339,1353,1351
1338,1342,1344
1193,1189,1194
803,804,796
2471,2463,2473
1701,1697,1700
2333,2358,2356
972,975,977
1654,1653,1650
1540,1544,1546
837,838,834
1039,1043,1045
877,867,878
1510,1501,1508
908,906,899
1103,1107,1109
938,937,933
1800,1802,1796
1289,1291,1286
914,917,918
951,954,955
1269,1272,1274
1568,1560,1570
1919,1907,1921
969,964,968
2135,2149,2147
1965,1963,1946
1469,1467,1451
1877,1896,1894
2207,2209,2199
1971,1969,1950
1076,1074,1066
1714,1716,1707
1993,2003,2001
2049,2059,2058
1585,1577,1587
1591,1581,1593
1090,1083,1091
825,831,829
830,822,828
1053,1048,1055
1234,1235,1226
854,850,856
847,853,855
873,859,871
1530,1523,1531
1117,1112,1119
1132,1128,1133
903,907,909
1211,1203,1213
1859,1851,1861
1176,1163,1178
1172,1170,1166
941,942,934
1865,1855,1867
1821,1825,1827
1258,1253,1260
1379,1367,1381
1222,1221,1208
1207,1212,1214
1399,1394,1401
1358,1348,1360
1831,1842,1840
1371,1376,1375
1535,1527,1537
1881,1902,1900
1462,1457,1464
982,983,976
2299,2293,2301
1787,1790,1791
1430,1428,1424
1642,1640,1630
1495,1483,1497
1675,1669,1676
2251,2243,2253
1012,1004,1010
1028,1020,1027
1032,1034,1024
1778,1773,1777
1927,1925,1911
1574,1584,1586
1661,1657,1662
1044,1052,1054
1059,1061,1049
2007,1997,2009
2192,2179,2194
2114,2106,2116
1599,1596,1600
2069,2062,2071
1613,1612,1607
1069,1075,1077
1958,1953,1960
1082,1086,1087
1753,1757,1759
2166,2154,2168
2120,2110,2122
1108,1116,1118
1113,1123,1125
1129,1136,1137
1815,1806,1817
1142,1149,1150
1154,1156,1146
1162,1169,1171
1177,1159,1175
1190,1198,1200
1830,1834,1836
1218,1204,1217
1302,1294,1304
1871,1860,1873
1333,1323,1335
1249,1257,1259
1254,1264,1266
1281,1277,1283
1273,1280,1282
1297,1299,1290
1298,1303,1305
1322,1327,1329
1332,1334,1313
1347,1352,1354
1343,1357,1359
1398,1400,1390
1382,1372,1380
1406,1395,1404
1410,1412,1405
1427,1429,1420
1486,1488,1479
1446,1442,1448
1439,1445,1447
1463,1454,1461
1458,1468,1470
2262,2248,2264
1889,1884,1891
1492,1482,1491
1487,1496,1498
2268,2272,2274
1518,1520,1514
1888,1890,1876
1524,1534,1536
1555,1550,1557
1545,1554,1556
2319,2318,2310
1571,1563,1569
2013,2002,2015
1592,1578,1590
2079,2070,2081
2101,2093,2103
2399,2397,2385
2365,2367,2362
1626,1623,1627
1906,1914,1916
2495,2482,2497
2028,2045,2043
2172,2158,2174
1641,1643,1633
1725,1723,1719
2187,2182,2189
1742,1737,1744
1666,1658,1665
1957,1959,1945
1680,1670,1679
2126,2115,2128
1693,1694,1687
2212,2222,2220
2323,2314,2325
1986,1985,1978
1722,1724,1715
1741,1743,1733
1738,1748,1750
1758,1762,1764
1763,1768,1770
2143,2139,2144
2153,2161,2163
2305,2300,2307
2031,2033,2027
1801,1810,1812
1811,1816,1818
1841,1826,1839
1835,1846,1848
1852,1864,1866
1856,1870,1872
1895,1897,1880
1903,1885,1901
1910,1920,1922
1915,1926,1928
2247,2252,2254
2282,2277,2284
1964,1966,1949
1972,1954,1970
1975,1981,1982
2336,2338,2332
2440,2434,2438
2468,2478,2477
1994,2006,2008
1998,2012,2014
2032,2037,2039
2044,2023,2042
2048,2054,2055
2403,2389,2405
2075,2063,2074
2078,2080,2066
2092,2096,2097
2100,2102,2085
2107,2119,2121
2111,2125,2127
2350,2341,2352
2140,2148,2150
2157,2167,2169
2162,2173,2175
2178,2186,2188
2183,2193,2195
2392,2394,2384
2219,2221,2208
2439,2443,2445
2379,2371,2381
2345,2347,2337
2419,2431,2429
2244,2257,2259
2265,2258,2263
2273,2281,2283
2278,2288,2290
2490,2485,2492
2296,2304,2306
2322,2324,2311
2315,2328,2329
2346,2351,2353
2359,2342,2357
2375,2370,2374
2380,2366,2378
2388,2398,2400
2393,2404,2406
2418,2423,2425
2414,2428,2430
2454,2449,2456
2444,2453,2455
2474,2467,2472
2515,2510,2517
2481,2489,2491
2486,2496,2498
2506,2514,2516
2511,2521,2523
