627,1089,1044
747,745,536
705,484,53
471,465,160
1155,1151,1344
1721,1891,1720
150,674,482
367,569,370
2005,2220,2284
2621,2740,2404
1102,908,1103
1751,1756,1582
129,58,444
2414,2526,2524
2919,2849,2850
1572,1714,1727
2109,2251,2252
1849,1998,1874
204,202,326
2498,2500,2603
659,476,482
955,767,769
1842,1840,1675
542,544,750
1841,1991,1996
1651,1478,1654
1650,1647,1817
933,931,741
294,242,240
1494,1318,1492
722,916,719
1129,926,927
500,717,715
1484,1295,1474
348,269,343
497,284,500
608,607,807
1419,1225,1223
809,996,811
420,422,213
660,479,657
1363,1177,1176
1177,977,974
1327,1134,1322
517,513,727
1351,1165,1163
574,576,373
1357,1167,1355
1171,1174,972
1715,1888,1717
1748,1568,1745
2255,2116,2111
782,783,580
435,626,436
1400,1212,1403
1470,1066,1286
1628,1570,1747
1434,1614,1749
983,1188,1186
1769,1956,2087
594,392,403
2074,1738,1911
1622,1172,1454
1894,2035,2039
1795,1905,2086
106,139,350
949,762,1259
2019,1868,2018
2406,2514,2518
1959,1807,1808
2269,2132,2127
2907,2964,2977
1486,1647,1489
1015,1215,1203
1542,1364,1547
1985,2129,2128
1124,1318,1127
1298,1627,1782
2779,2692,2686
2878,2734,2813
549,301,872
2743,2547,2428
2659,2557,2295
1019,840,1028
188,346,190
180,368,182
953,950,763
342,340,192
1374,1547,1364
172,404,174
773,769,566
553,550,346
52,51,902
1577,1593,1763
654,659,870
1569,1746,1944
1563,1383,1388
636,454,643
1414,1803,1798
800,980,791
1722,1713,1547
1525,1693,1524
1928,2071,2216
1722,1889,1713
1681,1847,1845
2729,2516,2622
944,941,753
1771,2351,2221
346,352,553
791,784,585
1679,1681,1845
950,947,759
1843,1679,1845
1995,1997,2135
1127,925,1124
750,749,542
714,715,906
2106,2104,1964
909,714,906
500,715,497
1313,1312,1482
528,737,526
1504,1671,1676
1341,1518,1521
1502,1319,1500
2389,2384,2495
922,1107,1111
1147,945,1145
913,1101,1103
1643,1811,1645
1130,1319,1322
1986,1988,2123
525,522,734
364,568,367
1111,1118,924
764,555,760
526,316,528
324,322,206
926,1128,923
504,502,289
513,298,511
497,285,284
299,297,222
1122,1130,930
294,240,291
920,1107,922
924,928,734
263,265,357
1157,957,1155
357,560,563
2611,2506,2501
569,775,571
1159,958,1157
1354,1534,1536
963,1163,1165
963,1165,965
997,1197,999
809,807,994
217,219,414
412,414,219
610,611,417
1585,1765,1609
1009,1211,1013
632,633,445
655,477,475
55,473,700
469,171,466
1225,1025,1021
898,657,868
661,898,658
1040,850,1035
1199,1386,1197
1402,1588,1587
1207,1210,1006
826,626,623
1244,1468,1040
1935,1595,1592
1568,1387,1564
1204,1395,1205
1573,1751,1582
816,817,617
1756,1762,1588
1016,1629,1394
2089,1394,1629
1036,1238,1037
1056,843,1263
464,151,56
1468,1045,1040
845,1270,1033
1444,1232,1427
179,457,458
1434,1213,1614
1777,1609,1765
1777,1438,1609
439,1080,676
1893,1718,1892
992,1381,1613
2173,2320,2456
2193,2445,2565
981,795,979
1729,1726,1897
986,1185,1190
1378,1561,1380
973,1176,974
1885,1712,1881
2306,2305,2427
1711,1712,1540
1851,1854,1689
2527,2638,2654
1877,1878,1707
2034,2033,2169
2026,1875,1872
2422,2303,2421
1987,1834,1832
2381,2378,2493
2370,2255,2364
2118,2116,2262
2473,2468,2577
2476,2364,2362
2751,2752,2829
2473,2362,2360
1530,1349,1347
2790,2711,2701
2716,2800,2887
2418,2420,2298
2023,2157,2158
2638,2640,2892
2405,2282,2401
2132,1991,2127
2163,2028,2161
1885,1888,1715
2569,2434,2563
2324,2178,2174
2039,2173,2176
2182,2183,2333
2437,2443,2313
2327,2332,2343
2091,1957,1601
624,630,829
450,634,444
1639,1183,1598
627,630,446
421,132,61
1589,1586,1761
865,701,438
627,830,630
818,1008,1246
375,137,66
2170,2073,2077
666,888,891
876,1090,1290
2201,2565,2048
1445,1255,1447
1233,1261,1442
2692,2693,2599
2435,2537,2329
758,949,946
1793,1148,1450
350,547,336
1410,1794,1804
2670,2577,2668
1920,1660,2059
2809,2724,2887
380,881,689
2773,2693,2781
2896,2523,2825
2946,2728,2721
2786,2864,2867
2988,2985,2941
2773,2781,2853
2815,2938,2876
273,694,108
2963,2938,2886
489,871,271
2342,2185,2749
1417,1783,1923
684,23,109
514,893,1071
290,337,113
2078,1929,2194
903,1109,905
1065,893,669
1790,2223,1597
2228,1914,2036
1436,1953,1218
2645,2707,2813
492,509,282
2153,2549,2336
1235,1467,1282
2952,2957,2991
2837,2833,2756
2971,2927,2995
2740,2661,2549
2816,2650,2727
1920,2231,1648
2477,2363,2366
2234,2236,2356
2464,2355,2356
2036,1884,2199
2237,2108,2239
1812,1652,1661
2587,2675,2581
1827,1970,1968
2669,2757,2754
2240,2112,2114
2582,2584,2688
2705,2827,2878
2774,2681,2769
2847,2762,2852
2854,2932,3002
2912,2837,2847
2904,2842,2836
2769,2683,2761
2880,2796,2879
2606,2746,2884
2799,2713,2714
1789,1898,1776
2612,2713,2710
2822,2733,2637
2789,2866,2783
2602,2603,2700
2511,2402,2407
2203,2322,2442
663,481,656
1709,2211,2053
2060,2458,2175
1173,785,1062
2448,2319,2053
2037,2210,1890
2419,2539,2322
2553,2338,2447
1934,2003,1687
1258,1626,1571
1267,1600,1637
118,333,32
2554,2614,2399
1457,1258,1571
1917,1728,2029
2799,2885,2793
1773,2229,1602
991,1465,1142
310,29,115
2548,2432,2353
79,274,146
1506,1789,1136
1874,1771,1520
117,698,325
896,664,1069
650,471,654
650,643,465
442,431,166
808,990,805
404,395,174
404,596,395
411,609,605
382,585,579
395,382,176
338,194,340
355,352,186
553,759,550
338,542,334
329,326,202
196,334,198
741,533,744
202,200,329
196,338,334
749,541,542
318,531,528
326,329,536
360,355,184
559,561,767
355,559,352
561,360,566
753,756,944
550,759,756
559,355,561
970,780,784
553,763,759
1161,1348,1156
753,750,544
544,340,546
322,531,318
745,534,536
1505,1677,1675
937,936,747
1137,1329,1328
1321,1498,1492
559,767,763
1876,1867,1702
753,941,750
940,749,750
1143,941,944
756,759,947
805,990,987
1379,1383,1560
805,987,800
987,990,1191
791,596,800
1697,1528,1531
1019,1224,1215
995,1193,990
659,663,1099
487,50,481
654,852,650
411,419,609
1801,1404,1940
1393,1577,1567
1464,1251,1042
862,1096,691
1401,1224,1414
1940,1798,1801
1028,1230,1224
474,43,49
889,127,89
1175,1180,1364
1191,990,1193
1203,1393,1388
1461,1797,1404
1401,1414,1593
668,1463,889
1737,1560,1563
1737,1744,1907
1577,1401,1593
1459,1251,862
89,668,889
1606,1803,1459
668,1031,1463
1798,1803,1606
2218,2216,2062
1750,1744,1567
815,423,1079
1404,1801,1031
1031,668,447
673,423,126
2071,2214,2216
1737,1904,1731
1952,1433,1772
1944,1763,1797
1750,1763,1944
1593,1940,1763
1921,1744,1750
1744,1563,1567
2218,2461,2348
1944,1797,1569
1845,1847,1997
1333,1512,1331
1843,1995,1994
1985,2128,1983
2189,2191,2452
2309,2425,2301
1995,2135,2134
2612,2615,2713
1994,2133,1992
2267,2388,2386
2254,2383,2379
1492,1318,1321
1669,1837,1833
1985,1983,1837
1673,1839,1837
2130,2268,2267
2597,2689,2690
1661,1652,1485
1853,1685,1855
955,769,956
1674,1840,1839
1990,1840,1842
1542,1547,1713
1722,1555,1731
1859,1695,1862
1153,1340,1152
1531,1348,1352
956,769,773
1175,1364,1359
1180,1374,1364
1352,1348,1161
1338,1519,1335
1331,1143,1333
1681,1679,1510
933,1132,1131
1673,1837,1669
1663,1667,1494
915,907,1112
1304,1125,1308
2758,2836,2761
1969,2104,2110
1105,1300,1294
1825,1968,1967
1475,1651,1646
1487,1304,1491
2470,2471,2582
1649,1476,1652
1813,1649,1652
1667,1670,1495
1487,1661,1485
1494,1667,1495
2258,2128,2263
1669,1833,1663
2125,1980,2120
1983,1833,1837
1983,1977,1833
1657,1655,1482
1812,1661,1816
2115,2119,2250
1980,1829,1830
1809,1963,1811
1306,1300,1108
2113,1968,1970
2247,2115,2250
2113,2243,2242
1655,1654,1481
2110,2244,2243
1481,1478,1310
2114,1967,1968
2477,2469,2363
1118,1311,1316
1976,1974,2109
2355,2354,2235
2252,2364,2255
1828,1820,1978
2252,2251,2362
1814,1811,1972
2238,2354,2357
2123,2121,2264
2255,2111,2252
2127,2123,2259
1120,1317,1122
1986,1835,1988
1322,1504,1327
1988,1834,1987
1978,2111,2116
2384,2389,2269
1991,1986,2127
1838,1841,1676
1996,2132,2136
1676,1680,1509
1848,2000,2004
1299,1295,1484
1814,1647,1645
1832,1662,1659
1319,1502,1322
1103,1296,1293
1294,1300,1473
1471,1642,1641
1472,1294,1473
1489,1302,1486
1295,1293,1474
1471,1641,1474
1643,1641,1809
1502,1665,1671
1676,1509,1504
732,922,924
922,730,920
1656,1490,1650
1107,1302,1305
924,734,732
529,532,320
1107,920,1106
918,724,912
914,1105,1101
717,500,502
1108,909,906
497,715,714
511,716,724
724,513,511
912,724,716
727,513,724
1102,912,908
1101,1294,1296
1297,1110,1119
921,731,923
1481,1310,1313
723,722,507
1494,1315,1318
1495,1670,1493
1314,1308,1128
1123,919,921
1131,1124,931
1127,927,925
923,1128,1125
1125,921,923
725,917,907
504,289,292
911,719,916
719,717,502
1297,1476,1303
916,1117,911
725,510,512
302,515,299
915,722,723
735,526,737
523,313,526
324,204,326
292,226,295
728,921,919
216,309,305
518,731,728
230,287,232
295,224,297
284,232,287
296,298,244
308,520,522
721,506,720
285,236,234
730,520,517
503,718,720
503,501,718
328,323,535
1139,1134,1327
320,532,323
317,256,315
323,260,320
736,525,734
258,317,320
348,267,269
571,371,370
263,357,362
353,267,348
405,600,602
972,971,1171
264,328,331
548,757,551
551,348,343
353,265,267
265,353,357
760,551,757
565,568,364
1163,962,1160
331,328,540
535,532,743
357,563,362
560,768,563
1350,1351,1163
1354,1355,1168
1166,1168,968
1534,1353,1535
245,247,381
578,580,378
974,788,973
786,581,783
578,377,576
969,1167,971
979,792,978
977,1177,1179
979,978,1182
790,589,789
792,790,978
789,974,977
1717,1543,1715
1372,1550,1554
1380,1194,1378
1733,1562,1561
993,1196,994
1736,1565,1562
806,804,989
1192,1194,989
219,221,412
988,1192,989
798,598,796
1723,1553,1718
802,602,600
804,988,989
798,796,983
1190,1185,1373
405,407,227
595,592,795
978,790,977
396,592,398
241,385,390
400,398,595
396,393,591
398,233,235
606,604,804
400,402,231
602,803,604
437,193,195
1002,1005,817
615,425,422
811,997,812
215,420,213
453,183,452
187,448,451
452,183,185
448,635,451
457,453,639
451,185,187
153,486,488
875,483,660
652,472,470
705,704,875
153,157,486
639,640,457
1045,854,1040
477,479,161
452,638,453
1240,1238,1036
477,657,479
898,661,660
857,868,655
658,480,661
875,660,661
483,479,660
90,488,696
480,658,478
485,704,705
1045,1066,857
1470,1291,1066
841,1026,842
649,849,851
652,651,850
648,1098,1060
1025,1227,1026
1263,843,1033
430,205,429
1210,1402,1403
1589,1412,1408
826,823,626
621,820,822
825,826,623
638,837,838
1418,1419,1601
610,809,811
1204,1002,1001
814,816,615
1202,1197,1387
611,811,812
996,1199,997
1001,1202,1204
1402,1399,1588
997,1199,1197
2047,2193,2201
1398,1576,1391
1578,1391,1576
1209,1012,1212
1585,1609,1440
1578,1576,1764
1391,1208,1206
1587,1762,1767
1213,1008,1014
1056,642,843
1418,1416,1227
631,634,834
1415,1595,1419
837,1022,1021
831,632,629
1413,1221,1412
1412,1219,1408
1033,1444,1263
846,647,646
648,1060,845
1466,1238,1240
484,480,91
478,671,54
467,1098,648
460,863,866
1470,874,1291
1052,1041,863
1292,1098,866
863,1041,866
1270,1238,1466
1292,1060,1098
1270,1237,1238
1427,1263,1444
1949,2094,1263
1275,1430,1023
648,645,464
890,1023,1039
2094,1056,1263
700,863,460
460,695,93
94,683,7
890,641,1023
1087,642,1056
455,151,464
1592,1956,1935
1039,1023,1228
1220,1611,1048
439,676,96
895,634,450
1611,1930,1947
1080,1283,853
1580,1755,1754
676,1080,853
1048,834,1220
1761,1930,2087
1761,2350,1947
1585,2089,1936
1754,1761,1586
1582,1756,1588
2227,1760,1756
1584,1758,1581
1767,1762,1948
1758,2092,1955
2090,2227,1922
1585,1394,2089
1629,1407,1753
1767,1948,2092
829,630,830
1743,1566,1740
1941,2341,2085
1909,1736,1906
2044,2181,2184
1733,1736,1562
1192,1378,1194
2176,2456,2330
2334,2568,2168
1365,1177,1363
2173,2171,2320
1550,1721,1720
1895,2039,2041
1372,1371,1550
2043,2180,2186
1554,1718,1553
1892,1891,2043
1745,1913,1748
1573,1582,1395
1197,1386,1387
1385,1198,1382
1913,1922,1748
2227,1756,1751
1380,1382,1196
1198,994,1196
1202,1387,1389
1387,1568,1389
979,1182,1184
1548,1721,1550
1380,1561,1562
1378,1559,1561
1717,1546,1543
1367,1371,1182
1188,1372,1368
1720,1718,1554
1363,1541,1543
2034,1885,2033
958,770,957
1868,1699,1698
965,1165,1166
1870,1703,1871
954,1155,957
2299,2156,2298
1355,1537,1357
1540,1712,1541
746,743,934
1511,1680,1683
768,764,954
1332,1141,1139
1157,1346,1347
1692,1521,1690
1513,1683,1686
2278,2140,2273
1529,1698,1530
1694,1523,1692
1533,1351,1350
1868,1698,1865
2150,2292,2152
1696,1529,1527
1704,1877,1707
2030,2163,2165
1870,1871,2023
2018,1868,1865
1704,1875,1877
2303,2302,2421
1872,1705,1870
2302,2416,2421
2294,2418,2298
2019,2022,1869
2155,2156,2019
2299,2416,2302
2410,2518,2520
2420,2299,2298
1972,2103,2105
2357,2354,2465
2235,2354,2238
2358,2356,2236
2481,2370,2364
1978,1984,1828
2375,2492,2378
2262,2116,2255
2121,2265,2264
2370,2481,2488
2591,2493,2599
2488,2481,2595
2674,2764,2768
2481,2364,2476
2476,2580,2585
2863,2939,2806
2573,2463,2464
2590,2484,2479
2465,2463,2572
2832,2900,2899
2941,2875,2958
2951,2899,2900
2979,2975,2948
2832,2754,2834
2755,2666,2751
2830,2899,2898
2901,2831,2897
2949,2899,2951
2691,2591,2693
2493,2492,2599
2674,2585,2580
2930,2968,2986
2861,2921,2860
2691,2780,2694
2780,2864,2786
2790,2800,2711
2928,2969,2867
2785,2942,2973
2929,2967,2987
2924,2973,2928
2867,2969,2874
2928,2864,2924
2800,2809,2887
2723,2811,2818
2455,1863,2215
2521,2525,2418
2721,2716,2887
1700,1937,1616
2731,2814,2739
2299,2302,2157
2617,2711,2716
2611,2604,2701
2292,2410,2413
2638,2892,2747
2410,2289,2406
2514,2627,2518
2389,2501,2395
2701,2786,2790
2506,2611,2617
2721,2887,2946
2501,2389,2495
2259,2264,2381
2273,2271,2395
2269,2259,2384
2514,2406,2408
1856,1692,1690
2150,2014,2146
2408,2405,2517
2155,2294,2298
2413,2520,2521
2642,2559,2424
1622,1931,1361
2530,2421,2416
2303,2158,2302
2172,2321,2423
2026,2028,1875
2335,2439,2429
2437,2313,2314
2334,2570,2443
2314,2167,2311
2320,2443,2570
876,1290,1067
2165,2308,2311
2308,2430,2434
2334,2443,2568
2320,2313,2443
2176,2330,2180
1598,1805,1639
2456,2460,2330
1070,1214,1454
459,683,94
450,58,8
14,101,687
444,439,129
624,441,630
693,858,1089
1064,1255,1445
824,624,829
2343,1905,2064
2174,2178,1724
2184,2333,2445
1575,1226,1443
2064,1919,2349
1805,1598,2098
883,1081,597
413,12,418
1226,1081,1061
418,873,612
873,678,1085
131,446,441
394,397,593
397,62,413
1058,1090,587
801,1061,593
387,408,597
1095,394,593
101,384,687
387,597,587
1253,1452,1390
1622,1735,1931
582,787,1074
388,391,65
1452,1189,1549
2178,2334,2067
1189,1453,1795
1432,1805,1605
1887,2334,2168
2315,2569,2439
1943,2172,2340
2532,2538,2530
2550,2657,2429
1361,1187,1172
2196,2329,2070
1925,2065,1608
1700,1943,2340
1435,1752,1796
2735,2626,2543
2896,2552,2312
2809,2869,2738
2785,2973,2937
2056,2213,2312
2658,2738,2826
2056,1786,1852
2453,2279,2545
1579,1796,1946
1170,1608,1356
1259,1621,1450
1863,1716,2215
1937,2020,2196
1852,1850,2005
1441,1579,1621
1579,1946,1716
1162,1170,1356
1943,1700,1356
794,982,1253
103,386,379
1090,687,384
13,690,408
401,876,599
388,590,878
14,687,401
1072,1214,1070
1070,787,588
964,1170,1162
1250,1460,1051
392,388,15
878,1070,588
1148,1793,1515
1621,1716,1739
1279,1051,1460
375,372,137
369,573,363
666,66,16
372,104,137
363,17,369
139,354,350
557,880,1073
1802,1923,1607
758,547,558
1231,860,1276
280,336,538
280,47,19
1469,1091,1231
2552,2185,2352
1852,1515,1850
1276,860,1086
697,69,20
2896,2825,2644
1672,2080,1836
2415,2417,2149
2352,2056,2312
1366,1607,1784
2556,2337,2300
1243,966,1366
1097,864,1640
1926,1774,2079
491,1082,707
1097,694,864
1126,1635,1929
662,839,335
1088,684,276
871,897,271
23,684,304
277,71,389
1926,2222,2080
489,707,1077
2230,2068,2433
1958,1397,1774
2149,2342,2415
530,319,1091
1544,1873,2079
1640,1063,1097
864,273,1055
1612,1926,1672
2680,2712,2785
2117,1836,2337
1672,1926,2080
2858,2924,2864
2552,2896,2749
2863,2806,2787
2300,2080,2222
2990,2921,2925
2963,2940,2980
2937,2987,2863
2923,2929,2853
2323,2117,2387
2975,2994,2978
2717,2578,2815
2230,2567,2021
2808,2629,2748
2107,2359,2540
2888,2808,2947
2578,2359,2613
2096,1742,2194
1604,1927,1780
2776,2673,2698
2980,2922,2905
2978,2994,2938
2808,2748,2717
2875,2889,2970
2994,2955,2938
2985,2843,2941
2325,2459,2562
2795,2633,2741
2036,1914,1884
2440,2194,2557
2436,2551,2655
2426,2440,2535
2567,2433,2748
1794,1526,1884
1526,1929,2078
1914,2097,1804
2373,2529,2650
2096,2194,1929
2204,2557,2194
1914,1794,1884
1458,1126,1526
1065,1289,893
2068,1666,1831
897,871,1094
1410,1277,1075
505,290,495
1126,729,1071
897,1094,662
1272,1050,499
145,279,282
307,293,514
1265,1630,1596
669,893,293
713,905,1266
903,1456,1109
2206,2328,2547
283,1272,499
1630,1804,1596
712,1265,903
1800,2223,1908
1266,1053,713
312,144,76
1274,505,1053
710,905,713
286,499,494
1951,1633,1271
2061,2223,1790
894,1282,1038
332,848,1068
310,115,282
1633,882,1271
711,1235,1282
2290,2432,2643
709,904,711
1268,1627,1298
1951,2093,1425
1981,2451,2208
1057,1268,709
2491,2451,2474
1000,1411,1384
1800,1631,1597
2153,2049,2027
1800,1552,1411
1425,1627,1268
2153,2027,2325
1307,1773,1602
2548,2660,2432
1307,1497,1773
2454,2549,2661
2983,2909,2908
2797,2880,2881
2054,2229,1773
1773,1822,2054
2661,2737,2467
2253,2451,1981
2459,2166,2436
2854,3002,3004
1782,1924,2207
1924,2093,1766
2621,2891,2740
2932,2991,3002
2371,2551,2249
2621,2655,2722
2564,2061,2459
2562,2621,2404
2206,2058,2328
1971,2206,2246
2529,2547,2743
2328,2304,2428
1791,1477,1456
2097,1914,2228
2816,2843,2682
2649,2819,2971
1939,2212,2166
2241,2373,2371
2529,2246,2547
1971,1658,1938
2996,2914,2985
2839,2927,2819
2816,2682,2650
2843,2914,2839
2649,2971,2824
3003,3001,2956
2722,2655,2824
2991,2957,3002
2959,2909,2983
2778,2690,2689
2959,2912,2909
2906,2833,2837
2906,2903,2833
2903,2906,2952
2843,2839,2682
2993,2927,2839
2903,2836,2833
2243,2368,2242
2590,2596,2484
2366,2239,2240
2483,2368,2484
2367,2366,2240
2472,2479,2365
2369,2368,2243
2124,2256,2254
1830,1829,1667
2472,2361,2470
2245,2106,2247
2582,2471,2584
2372,2247,2250
2676,2598,2695
2696,2688,2584
2672,2671,2579
2769,2761,2842
2778,2771,2690
1975,2119,1973
2766,2697,2771
2379,2471,2372
2263,2385,2258
2602,2700,2695
2592,2490,2485
2594,2690,2697
2261,2125,2120
2122,2128,2258
2382,2385,2478
2263,2386,2385
2129,2267,2263
1989,1985,1839
2598,2494,2602
2494,2386,2498
2789,2783,2700
2588,2687,2592
2702,2792,2789
2598,2588,2478
3000,2844,2913
2772,2778,2689
2882,2918,2913
2909,2847,2852
2913,2918,2997
2959,2957,2912
2533,2412,2645
2917,2997,2908
2467,2586,2474
2737,2740,2802
2813,2931,2878
2908,2997,2983
2936,2862,2866
2646,2138,2508
2652,2496,2684
2770,2926,2868
2608,2503,2502
2002,2139,1999
2607,2704,2702
2880,2879,2943
2791,2710,2793
2610,2612,2710
2791,2872,2879
2810,2895,2805
2507,2615,2612
2799,2801,2893
2499,2394,2505
2507,2397,2509
2700,2603,2702
2503,2392,2502
2702,2603,2607
2602,2494,2498
2609,2502,2499
1843,1994,1844
2610,2505,2612
1999,1997,1847
2393,2274,2394
2502,2609,2608
2390,2500,2388
2498,2386,2388
1999,1847,1853
1857,2006,1855
2400,2509,2397
2277,2274,2135
2625,2623,2511
2147,2008,2010
2505,2507,2612
2396,2277,2275
2507,2509,2615
2630,2519,2634
2449,2555,2425
2519,2524,2634
2444,2449,2317
2411,2291,2296
2177,2309,2164
2444,2555,2449
2414,2301,2425
2425,2526,2414
1883,2037,1890
2452,2191,2210
2209,2317,2037
2452,2210,2037
673,88,677
1569,1201,1583
39,677,88
1083,856,677
39,125,399
1727,2071,1928
2317,2449,2318
2519,2513,2409
2744,2526,2555
2555,2526,2425
2637,2524,2526
2637,2634,2524
2733,2725,2634
2546,2281,2285
2726,2820,2890
2625,2511,2513
2726,2534,2647
2307,2200,2011
125,376,399
1027,567,976
2053,2211,2448
1779,1901,1781
1709,1362,2211
1714,1709,1883
1164,1781,1362
85,301,123
87,376,125
1637,1799,1424
1866,2015,2203
1285,847,361
1792,1861,2225
1902,2084,2338
1687,2084,1337
2202,2281,2447
2015,2175,2322
2203,2442,2448
2647,2553,2745
1902,1861,1571
1792,2225,1942
2200,2458,2060
2438,2198,2293
2885,2798,2945
2884,2788,2966
2870,2872,2885
2807,2943,2944
2879,2872,2944
2936,2966,2868
2783,2777,2695
2871,2703,2884
2684,2770,2788
2266,2293,2217
2684,2705,2770
2310,2399,2285
2202,2447,2338
2195,2441,2310
2823,2614,2554
121,83,366
1759,2221,2063
991,1032,493
867,698,274
2652,2684,2746
2293,2198,2217
1993,2266,2217
2072,2198,1898
1032,991,1142
1915,1602,2229
321,675,899
894,310,509
702,869,333
1728,1917,1488
1136,1789,1620
1136,1620,1059
327,80,31
116,675,30
325,327,31
1245,828,1078
692,1078,828
861,699,278
702,275,869
1950,1759,1420
2063,2205,1934
952,1337,1626
877,366,564
692,333,1078
84,361,122
1950,1262,1625
685,1273,356
1004,861,828
692,81,32
471,158,476
454,162,465
52,674,150
902,487,674
150,482,156
674,663,482
45,51,52
52,902,674
51,44,902
674,487,663
902,44,487
156,482,476
482,663,659
481,50,43
487,44,50
1099,870,659
643,454,465
1464,870,1099
1230,1803,1414
654,476,659
158,156,476
465,471,650
160,158,471
852,654,870
471,476,654
840,643,650
833,1015,821
840,833,643
821,813,625
643,833,636
840,1019,833
833,821,636
1015,1203,1003
813,808,616
605,404,411
625,813,616
821,1015,1003
164,442,166
625,616,431
442,625,431
636,821,625
605,596,404
605,805,800
431,419,168
419,616,609
585,395,596
176,174,395
636,442,454
636,625,442
170,419,411
431,616,419
465,162,160
454,164,162
454,442,164
431,168,166
419,170,168
411,172,170
411,404,172
368,360,182
346,550,342
184,355,186
374,180,178
368,566,360
182,360,184
566,769,561
188,352,346
346,342,190
550,756,546
186,352,188
190,342,192
338,340,544
334,330,198
330,541,539
534,324,326
324,206,204
744,533,534
739,741,931
206,322,208
324,534,533
192,340,194
542,338,544
196,194,338
198,330,200
536,534,326
200,330,329
939,749,940
334,541,330
334,542,541
330,539,329
541,749,748
539,536,329
539,748,747
324,533,322
744,933,741
528,531,739
322,533,531
939,748,749
539,541,748
937,747,748
536,539,747
935,745,936
744,534,745
553,559,763
553,352,559
368,572,566
970,1169,1161
767,561,769
355,360,561
342,546,340
342,550,546
176,382,178
572,773,566
374,368,180
374,579,572
374,382,579
374,178,382
579,585,784
382,395,585
374,572,368
579,784,780
961,1156,956
1524,1522,1340
1152,950,953
763,767,953
1156,1154,956
953,767,955
763,950,759
950,1152,1149
1140,1331,1330
1140,940,941
941,940,750
1138,939,940
546,753,544
546,756,753
947,944,756
1335,1149,1338
935,936,1133
745,747,936
935,933,744
1131,1324,1321
925,739,931
531,533,741
737,739,925
531,741,739
745,935,744
1133,1132,935
1842,1677,1844
1133,936,1135
1137,939,1138
1137,937,939
939,937,748
1135,936,937
1330,1329,1138
1135,937,1137
947,1146,944
1512,1681,1510
940,1140,1138
941,1143,1140
935,1132,933
1324,1501,1498
933,1131,931
1132,1324,1131
1133,1325,1132
1505,1326,1328
1325,1324,1132
1501,1674,1673
944,1146,1143
1516,1685,1682
1140,1330,1138
1508,1679,1678
1138,1329,1137
1508,1510,1679
1333,1146,1335
947,950,1149
1152,1338,1149
1522,1688,1519
955,1153,953
1343,1154,1345
1143,1146,1333
947,1149,1146
773,961,956
1343,1525,1524
956,1154,955
1156,1348,1345
953,1153,1152
955,1154,1153
1156,1345,1154
1695,1528,1697
1152,1340,1338
1153,1154,1343
970,1161,961
1169,1359,1352
1175,1359,1169
2164,2025,2032
808,995,990
1383,1563,1560
987,1191,1180
1191,1379,1374
995,1195,1193
1203,1388,1195
1379,1191,1193
1374,1180,1191
791,980,975
987,1180,980
780,970,961
784,975,970
970,975,1169
980,1180,1175
1175,975,980
1175,1169,975
780,961,773
1161,1156,961
784,791,975
585,596,791
572,780,773
572,579,780
616,808,609
813,1003,995
609,805,605
609,808,805
605,800,596
987,980,800
821,1003,813
1203,1195,1003
813,995,808
1003,1195,995
650,852,840
1230,1251,1459
1224,1019,1028
1015,833,1019
1464,1042,870
1028,840,852
852,1042,1028
852,870,1042
474,656,481
663,487,481
663,656,1099
481,43,474
656,1464,1099
656,1096,1464
862,1251,1096
1096,656,474
49,691,474
1251,1464,1096
42,127,468
474,691,1096
49,42,691
1042,1230,1028
1042,1251,1230
1203,1215,1393
1015,1019,1215
1593,1414,1798
1224,1230,1414
1215,1401,1393
1215,1224,1401
42,468,691
1459,1803,1230
468,1241,862
1241,1606,1459
1241,468,889
862,691,468
1801,1606,1463
1459,862,1241
1241,889,1463
468,127,889
447,48,665
1750,1577,1763
1393,1401,1577
1763,1940,1797
1593,1798,1940
1463,1606,1241
1801,1798,1606
1388,1567,1563
1388,1393,1567
1195,1383,1193
1195,1388,1383
1383,1379,1193
1560,1555,1379
1169,1352,1161
1876,1710,1882
1710,1542,1713
1359,1364,1542
1538,1702,1531
1702,1867,1697
1352,1538,1531
1882,1713,1889
1374,1555,1547
1374,1379,1555
1359,1538,1352
1359,1542,1538
1746,2461,1944
2191,2214,2210
2050,2046,1899
1555,1560,1731
1555,1722,1547
2050,1904,2055
1538,1710,1702
1538,1542,1710
2038,1889,2046
1899,1731,1904
2025,1867,1876
1702,1710,1876
2154,2017,2025
1697,1531,1702
1560,1737,1731
2055,2214,2050
1722,1899,1889
1722,1731,1899
1876,1882,2032
1710,1713,1882
2461,1921,1944
2062,2055,1907
1921,1907,1744
1921,2461,2062
1577,1750,1567
1944,1921,1750
1744,1737,1563
1907,1904,1737
41,668,89
1031,1801,1463
41,447,668
1264,1404,1031
1461,1404,1264
1797,1940,1404
1031,447,1264
423,40,126
1264,815,1461
2218,1772,1928
41,48,447
1461,1569,1797
1448,1079,856
2348,2461,1746
2062,1907,1921
1461,1201,1569
815,1264,665
1569,1583,1746
2348,1952,1772
447,665,1264
48,40,665
1461,815,1201
665,40,423
677,856,673
815,665,423
856,1079,673
1201,815,1079
423,673,1079
126,88,673
1083,584,1049
1583,1952,2348
584,376,577
1178,1556,1433
1746,1583,2348
1448,856,1284
1201,1448,1583
1201,1079,1448
1448,1952,1583
1448,1284,1952
1556,1928,1772
2071,2210,2214
1556,1727,1928
1890,2210,2071
1433,1556,1772
1556,1572,1727
1178,1572,1556
1714,1890,1727
1882,2038,2032
2189,2318,2177
2177,2318,2309
2452,2037,2317
2318,2189,2452
2046,2050,2191
2032,2038,2177
2046,2191,2189
2177,2164,2032
2309,2301,2164
2148,2147,2010
1859,1858,1693
1867,2025,2017
2164,2301,2154
2038,2046,2189
1889,1899,2046
1772,2218,2348
1928,2216,2218
2218,2062,2461
2216,2055,2062
1907,2055,1904
2216,2214,2055
1904,2050,1899
2214,2191,2050
2177,2038,2189
1882,1889,2038
2032,2025,1876
2164,2154,2025
2008,1858,2010
1691,1688,1522
1859,2010,1858
2147,2283,2143
2143,2008,2147
1688,1855,1685
2141,2002,2006
1522,1519,1338
2143,2141,2006
1999,2137,1997
2013,2151,2148
2143,2280,2141
2154,2151,2017
2287,2407,2283
2017,2151,2013
2154,2301,2296
2013,2148,2010
2151,2154,2296
2407,2287,2409
2148,2151,2291
2411,2296,2414
2291,2151,2296
2148,2287,2147
2148,2291,2287
2287,2283,2147
2402,2510,2400
2400,2276,2280
2499,2505,2610
2280,2143,2283
2006,2008,2143
2276,2141,2280
2276,2139,2141
2141,2139,2002
2276,2397,2275
2275,2137,2139
2135,1997,2137
2275,2277,2137
2274,2272,2134
2276,2275,2139
2397,2507,2396
2137,2277,2135
2275,2397,2396
2393,2272,2274
1992,2131,1990
2270,2268,2131
2390,2503,2500
2274,2134,2135
2133,2270,2131
2388,2267,2268
2263,2128,2129
2263,2267,2386
2130,1990,2131
2268,2130,2131
1501,1673,1498
2129,2130,2267
1989,1839,1840
1678,1843,1844
2134,2272,2133
2134,2133,1994
2272,2270,2133
1682,1853,1847
2139,2137,1999
1994,1995,2134
1845,1997,1995
2130,1989,1990
1985,1837,1839
1994,1992,1844
2133,2131,1992
2129,1989,2130
2129,1985,1989
1673,1674,1839
1326,1133,1135
1989,1840,1990
1674,1675,1840
1503,1675,1674
1842,1844,1992
1498,1669,1492
1498,1673,1669
1681,1682,1847
1681,1512,1682
1505,1328,1507
1508,1330,1510
1677,1678,1844
1677,1505,1507
1679,1843,1678
1845,1995,1843
1990,1842,1992
1675,1677,1842
2002,1855,2006
1516,1682,1512
2002,1853,1855
2002,1999,1853
1862,2013,1859
2013,2010,1859
2008,1857,1858
2008,2006,1857
2017,1862,1867
1859,1693,1695
1867,1862,1697
2017,2013,1862
1528,1695,1525
1697,1862,1695
1693,1858,1691
1857,1855,1688
1688,1685,1519
1853,1682,1685
1340,1522,1338
1524,1693,1691
1330,1331,1510
1333,1516,1512
1528,1525,1345
1695,1693,1525
1857,1691,1858
1857,1688,1691
1525,1343,1345
1340,1153,1343
1348,1528,1345
1348,1531,1528
1516,1335,1519
1146,1149,1335
1522,1524,1691
1340,1343,1524
1335,1516,1333
1519,1685,1516
1510,1331,1512
1140,1143,1331
1137,1328,1135
1507,1678,1677
1507,1508,1678
1329,1330,1508
1329,1507,1328
1329,1508,1507
1501,1503,1674
1325,1133,1326
1325,1501,1324
1325,1503,1501
1328,1326,1135
1503,1325,1326
1124,1321,1318
1324,1498,1321
1503,1505,1675
1503,1326,1505
1314,1493,1308
1668,1826,1819
1308,1491,1304
1493,1670,1668
1315,1494,1495
1663,1833,1830
1301,1487,1485
1664,1816,1661
1652,1476,1485
1110,907,917
1964,1969,1818
1479,1303,1476
1297,1301,1485
1123,1125,1304
1301,1297,1119
1485,1476,1297
1649,1479,1476
1312,1117,1116
1113,1310,1306
1117,1312,1313
1101,1105,1294
1306,1478,1475
1810,1644,1646
1644,1472,1473
1651,1475,1478
1473,1300,1475
1967,1821,1825
1815,1962,1810
1653,1479,1649
1483,1312,1309
1655,1481,1482
1654,1478,1481
1483,1653,1657
1825,1821,1654
1479,1653,1483
1969,1964,2104
1483,1657,1482
1823,1970,1827
1821,1651,1654
1646,1473,1475
1821,1815,1651
1472,1642,1471
1655,1825,1654
1965,2112,2108
1651,1815,1646
1821,1967,1965
1649,1818,1653
1649,1813,1818
1653,1823,1657
1653,1818,1823
1657,1827,1655
1657,1823,1827
1487,1664,1661
1664,1668,1819
1975,1973,1816
1973,2115,1966
1491,1664,1487
1668,1670,1826
1812,1813,1652
1964,1818,1813
1492,1663,1494
1492,1669,1663
1491,1668,1664
1491,1493,1668
1663,1830,1667
2382,2258,2385
1829,1826,1670
1829,1980,1982
1664,1819,1816
1826,1982,1979
1667,1829,1670
2122,1983,2128
2120,1980,1977
1982,2126,1979
2126,1982,2125
1826,1829,1982
2124,1979,2126
1819,1826,1979
1819,1975,1816
1819,1979,1975
1966,1812,1973
1812,1816,1973
1830,1977,1980
1830,1833,1977
1977,2122,2120
1977,1983,2122
2258,2257,2122
2125,1982,1980
2257,2261,2120
2254,2250,2119
2376,2261,2257
2120,2122,2257
2382,2376,2257
2377,2380,2260
2260,2256,2126
2380,2377,2486
1975,2124,2119
2475,2584,2471
2260,2126,2125
2256,2124,2126
2119,2124,2254
1975,1979,2124
2261,2260,2125
2377,2490,2486
1813,1966,1964
2247,2361,2245
2369,2243,2244
2104,2106,2245
2115,2247,2106
2250,2379,2372
2245,2244,2104
2365,2479,2369
2367,2242,2368
2114,1968,2113
2367,2240,2242
2239,2112,2240
2110,2243,2113
2242,2240,2114
1970,2110,2113
2244,2365,2369
2236,2102,2237
1962,1815,1965
2242,2114,2113
2112,1967,2114
1965,2108,1962
2112,2239,2108
1966,2115,2106
1973,2119,2115
1823,1969,1970
2104,2244,2110
1964,1966,2106
1813,1812,1966
1970,1969,2110
1823,1818,1969
1827,1825,1655
1827,1968,1825
1821,1965,1815
1967,2112,1965
2237,2102,2108
1960,1810,1962
1644,1808,1642
1960,2100,1959
2103,1972,1963
1299,1486,1302
1820,1817,1976
1647,1814,1817
1817,1814,1974
1811,1963,1972
2099,2101,1961
2101,2103,1963
2248,2103,2238
2248,2105,2103
1960,1959,1808
2099,2235,2101
1807,1961,1809
2235,2234,2355
1962,2102,1960
1962,2108,2102
1959,2099,1961
1959,2100,2099
2099,2100,2234
1960,2102,2100
2100,2236,2234
2100,2102,2236
2101,2235,2238
2099,2234,2235
2105,2251,2109
2248,2357,2360
2103,2101,2238
1963,1961,2101
1972,2105,1974
2248,2251,2105
1976,2109,2111
1974,2105,2109
2370,2262,2255
2118,2265,2121
2375,2262,2370
2118,2121,1987
2109,2252,2111
2362,2364,2252
2375,2265,2262
2375,2488,2492
2395,2271,2389
2136,2000,1996
2398,2273,2395
2140,2136,2273
2259,2269,2127
2136,2140,2000
2123,2264,2259
2381,2493,2489
2271,2269,2389
2271,2132,2269
2004,2000,2140
1846,1841,1996
2271,2136,2132
2271,2273,2136
1846,1996,2000
1991,2132,1996
2116,2118,1984
2262,2265,2118
1978,1976,2111
1817,1974,1976
1984,1978,2116
1828,1656,1820
2118,1987,1984
1665,1835,1671
2121,1988,1987
2121,2123,1988
2127,1986,2123
1991,1838,1986
1676,1841,1680
1676,1671,1838
1683,1846,1848
1680,1841,1846
1513,1511,1683
1680,1846,1683
1683,1848,1686
1846,2000,1848
1984,1832,1828
1317,1319,1122
1502,1671,1504
1835,1838,1671
1828,1832,1659
1984,1987,1832
1832,1834,1662
1988,1835,1834
1986,1838,1835
1991,1841,1838
1641,1807,1809
1961,1963,1809
1811,1814,1645
1972,1974,1814
1815,1810,1646
1960,1808,1810
1808,1807,1642
1959,1961,1807
1293,1471,1474
1642,1807,1641
1641,1643,1474
1809,1811,1643
1820,1650,1817
1489,1647,1650
1659,1656,1828
1490,1305,1489
1978,1820,1976
1656,1650,1820
1659,1496,1656
1120,1316,1317
1656,1496,1490
1499,1662,1500
1106,1299,1302
1645,1647,1486
1646,1644,1473
1810,1808,1644
1642,1472,1644
1296,1294,1472
1296,1471,1293
1296,1472,1471
1643,1484,1474
1104,912,1102
1645,1484,1643
1645,1486,1484
1490,1489,1650
1305,1302,1489
924,1118,928
1496,1659,1499
1496,1499,1316
1499,1500,1317
1316,1499,1317
1659,1662,1499
1317,1500,1319
1662,1665,1500
1332,1511,1334
1509,1680,1511
1834,1665,1662
1834,1835,1665
1509,1327,1504
1134,1130,1322
1322,1502,1504
1500,1665,1502
1334,1513,1336
1856,1690,1854
1145,945,943
535,746,540
1141,1334,1144
1511,1513,1334
1511,1332,1509
1332,1139,1327
1141,1332,1334
1327,1509,1332
1130,1122,1319
929,928,1120
934,743,932
929,738,736
938,934,1139
934,932,1134
938,1139,1141
934,1134,1139
1144,942,1141
746,535,743
751,942,752
938,1141,942
1144,943,942
755,545,752
1145,943,1144
752,942,943
740,738,930
929,1122,930
938,746,934
740,529,738
942,751,938
341,545,548
932,930,1130
740,532,529
1134,932,1130
743,532,740
1305,1111,1107
920,727,918
738,929,930
928,1118,1120
732,730,922
303,308,250
928,736,734
928,929,736
913,721,720
908,716,721
908,912,716
918,727,724
908,913,1103
720,718,914
1104,918,912
1106,1302,1107
727,920,730
918,1104,1106
913,908,721
1103,1293,1102
1295,1102,1293
1295,1104,1102
918,1106,920
1104,1295,1299
1111,1311,1118
1305,1490,1311
929,1120,1122
1118,1316,1120
1496,1311,1490
1496,1316,1311
1103,1101,1296
914,718,909
922,1111,924
1305,1311,1111
1104,1299,1106
1484,1486,1299
1113,1306,1108
1306,1475,1300
906,1113,1108
1310,1478,1306
715,910,906
1115,1313,1310
913,914,1101
1108,1300,1105
1112,1309,1116
1309,1479,1483
915,1112,1116
1303,1479,1309
1309,1312,1116
1483,1482,1312
1481,1313,1482
1310,1113,1115
1128,1308,1125
1493,1491,1308
1301,1304,1487
1301,1119,1123
1314,1315,1495
1127,1318,1315
1129,1314,1128
1495,1493,1314
931,1124,925
1131,1321,1124
1315,1129,1127
1315,1314,1129
1301,1123,1304
1119,919,1123
1303,1110,1297
1303,1112,1110
1110,1112,907
1303,1309,1112
917,919,1119
512,726,725
1110,917,1119
907,723,725
733,923,731
733,926,923
1123,921,1125
919,726,728
521,523,733
927,1127,1129
737,927,735
737,925,927
518,521,731
926,1129,1128
302,305,518
919,917,726
735,926,733
735,927,926
507,510,723
726,917,725
907,915,723
722,719,504
1116,916,915
1116,1117,916
1115,911,1117
910,715,717
1115,910,911
1113,906,910
910,1115,1113
1117,1313,1115
911,717,719
911,910,717
1105,909,1108
718,714,909
720,914,913
909,1105,914
501,497,714
285,288,236
718,501,714
291,240,238
503,288,501
238,236,288
287,500,284
502,504,719
504,292,507
723,510,725
295,226,224
287,502,500
287,289,502
507,722,504
915,916,722
297,512,510
299,220,302
512,515,726
731,921,728
733,523,735
521,309,523
731,521,733
305,309,521
737,528,739
318,208,322
523,526,735
523,309,313
295,297,510
224,222,297
515,518,728
305,521,518
726,515,728
512,297,299
216,214,309
210,208,318
218,302,220
518,515,302
316,318,528
316,210,318
316,313,212
316,526,313
309,214,313
210,316,212
212,313,214
218,216,305
302,218,305
289,228,292
292,228,226
289,287,230
512,299,515
222,220,299
507,295,510
507,292,295
234,284,285
501,285,497
501,288,285
228,289,230
232,284,234
503,291,288
296,242,294
513,300,298
298,300,246
303,250,248
522,732,734
300,517,303
520,732,522
250,308,252
520,730,732
246,244,298
288,291,238
503,720,506
506,294,291
508,716,511
242,296,244
294,506,508
294,508,296
721,716,508
503,506,291
721,508,506
296,511,298
296,508,511
730,517,727
303,248,300
303,520,308
303,517,520
246,300,248
513,517,300
254,311,315
252,308,311
736,527,525
311,308,522
315,525,527
736,738,527
260,258,320
527,738,529
317,315,527
311,522,525
932,740,930
932,743,740
532,535,323
746,751,540
938,751,746
752,545,543
262,323,328
535,540,328
751,752,543
540,543,331
540,751,543
545,339,543
262,260,323
269,270,343
331,543,339
254,315,256
311,525,315
529,317,527
529,320,317
252,311,254
256,317,258
339,266,331
328,264,262
331,266,264
268,341,270
261,263,362
339,268,266
339,341,268
270,341,343
339,545,341
261,364,259
362,563,565
370,371,255
373,377,251
364,261,362
364,367,259
370,255,257
371,253,255
371,373,253
377,249,251
377,378,249
378,381,247
383,243,245
583,788,586
589,393,390
243,383,385
253,373,251
781,968,969
578,378,377
247,249,378
581,381,580
383,245,381
574,373,371
574,776,779
373,576,377
969,1168,1167
383,583,385
383,581,583
589,586,789
385,583,586
581,580,783
381,378,580
972,786,783
383,381,581
257,367,370
776,574,571
571,574,371
776,965,779
779,781,576
781,782,578
370,569,571
772,568,771
571,775,776
960,772,771
259,367,257
568,569,367
362,565,364
563,768,770
551,555,348
560,357,353
548,551,343
1344,1151,1342
341,548,343
545,755,548
353,555,560
353,348,555
943,755,752
757,548,755
551,760,555
757,948,760
770,768,957
951,760,948
565,770,771
565,563,770
1159,960,958
568,565,771
768,954,957
1150,948,1147
772,962,775
771,770,958
560,764,768
560,555,764
755,945,757
1336,1144,1334
757,945,948
755,943,945
1689,1690,1518
1147,948,945
1339,1341,1147
1342,1151,1150
1150,1341,1342
1339,1145,1336
951,1151,954
1150,1147,1341
1159,1157,1347
958,957,1157
764,951,954
764,760,951
951,1150,1151
951,948,1150
1157,1155,1346
954,1151,1155
963,962,1163
775,569,772
1349,1160,1159
1350,1163,1160
1529,1530,1347
1160,960,1159
1165,1351,1353
1701,1699,1869
1360,1174,1358
971,1167,1171
973,1174,1176
1171,1358,1174
779,968,781
965,1166,968
782,969,971
968,1168,969
1166,1165,1353
965,776,963
786,972,973
783,971,972
583,786,788
972,1174,973
958,960,771
1160,962,960
775,963,776
775,962,963
568,772,569
960,962,772
574,779,576
965,968,779
782,781,969
578,576,781
783,782,971
580,578,782
788,786,973
583,581,786
790,789,977
586,788,789
1188,983,981
796,595,795
983,796,981
595,398,592
802,803,602
986,985,1185
985,983,1186
798,600,598
1185,985,1186
802,600,798
1177,974,1176
789,788,974
981,979,1184
795,792,979
1182,1179,1367
978,977,1179
1184,1182,1371
978,1179,1182
1360,1363,1176
1543,1365,1363
1365,1546,1367
1546,1548,1367
803,986,988
1186,1368,1369
1558,1376,1373
1185,1186,1369
1188,981,1184
796,795,981
802,986,803
802,985,986
1371,1372,1184
1368,1186,1188
807,806,993
989,1194,993
1190,1192,988
1376,1559,1378
986,1190,988
1373,1557,1558
1198,1196,1382
993,1194,1196
816,1001,1002
1573,1748,1751
1002,1204,1205
1204,1389,1395
814,999,1001
812,997,999
1204,1202,1389
999,1197,1202
1002,1205,1005
1395,1582,1399
1198,996,994
1198,1199,996
814,1001,816
999,1202,1001
606,804,806
989,993,806
414,608,610
994,996,809
606,409,604
803,988,804
994,807,993
809,610,608
610,811,611
996,997,811
613,814,615
812,999,814
620,429,618
816,1002,817
812,613,611
812,814,613
618,617,817
615,816,617
613,420,611
613,422,420
425,615,617
422,613,615
410,409,606
604,803,804
223,409,410
608,414,412
607,606,806
410,221,223
807,607,806
412,221,410
607,608,412
807,809,608
598,595,796
400,233,398
985,798,983
985,802,798
792,591,790
390,385,586
790,591,589
396,398,235
591,393,589
241,243,385
792,592,591
792,795,592
598,400,595
598,600,402
598,402,400
405,602,407
407,604,409
407,602,604
225,409,223
229,405,227
402,600,405
589,390,586
592,396,591
235,237,396
393,239,390
390,239,241
393,237,239
393,396,237
400,231,233
402,229,231
402,405,229
225,407,409
610,417,414
227,407,225
607,410,606
607,412,410
414,417,217
611,420,417
426,425,617
211,422,425
417,215,217
417,420,215
213,422,211
211,425,209
209,425,426
207,426,429
432,201,203
201,433,199
435,197,199
201,432,433
623,626,435
430,429,620
433,435,199
622,433,432
623,435,433
618,426,617
207,209,426
822,825,622
205,207,429
1005,819,817
429,426,618
432,430,621
618,817,819
203,430,432
1210,1010,1006
621,622,432
825,623,622
621,430,620
203,205,430
435,436,197
1219,1018,1216
622,623,433
825,1011,826
437,629,440
1020,1221,1024
626,628,436
1009,1007,1208
440,629,632
628,827,629
191,440,445
629,827,831
453,638,639
635,448,633
838,841,639
644,842,844
831,832,632
448,445,633
835,635,633
451,452,185
837,637,836
638,452,637
637,451,635
637,452,451
453,457,181
177,462,175
628,437,436
628,629,437
445,440,632
193,437,440
436,195,197
436,437,195
440,191,193
445,448,189
191,445,189
189,448,187
453,181,183
458,462,177
457,179,181
457,640,458
179,458,177
462,463,175
854,652,850
173,466,171
463,646,647
463,173,175
463,466,173
469,470,169
472,165,167
483,157,159
483,486,157
479,159,161
479,483,159
706,1,90
161,163,477
169,470,167
169,171,469
165,475,163
655,657,477
857,655,653
477,163,475
153,488,90
485,705,3
90,696,706
706,696,2
488,704,485
486,704,488
484,661,480
46,485,3
696,488,485
165,472,475
652,854,653
653,655,475
868,657,655
486,875,704
486,483,875
466,649,469
850,1040,854
475,472,653
470,651,652
647,649,466
651,470,469
470,472,167
652,653,472
640,644,458
1029,1026,1229
462,646,463
462,458,644
462,644,646
640,841,842
463,647,466
1229,1232,1029
469,649,651
647,849,649
1029,842,1026
644,640,842
846,849,647
646,644,844
639,841,640
1025,1026,841
1232,1240,1034
844,842,1029
1034,1240,1036
1037,851,849
1034,1036,846
1037,849,1036
849,846,1036
646,844,846
649,851,651
1037,1237,1035
657,898,660
1291,874,658
851,850,651
1035,1237,1244
696,46,2
696,485,46
661,484,875
53,3,705
4,91,480
705,875,484
868,1291,898
478,4,480
868,857,1066
653,854,857
898,1291,658
868,1066,1291
851,1035,850
851,1037,1035
854,1045,857
859,863,473
859,1470,1286
1066,1045,1286
53,484,91
1052,859,1286
859,671,1470
874,478,658
671,703,92
874,671,478
874,1470,671
1045,1468,1286
1040,1035,1244
1468,1052,1286
1468,1244,1041
863,859,1052
703,671,859
1270,1446,1237
1237,1037,1238
1033,1466,1444
1033,843,845
1029,1232,1034
1444,1466,1240
1446,1244,1237
1041,1052,1468
844,1034,846
844,1029,1034
1416,1229,1227
1229,1026,1227
1025,1225,1227
1223,1415,1419
1427,1232,1229
1444,1240,1232
1787,1418,1957
1227,1225,1418
1591,1413,1412
835,1024,836
1601,1419,1595
1418,1225,1419
1408,1219,1216
1021,1223,1225
1408,1396,1586
1216,1013,1211
1216,1018,1013
835,1020,1024
1412,1221,1219
1413,1592,1415
635,835,836
1024,1222,1022
838,1021,1025
1022,1223,1021
1415,1222,1413
1223,1022,1222
838,837,1021
638,637,837
1222,1024,1221
836,637,635
1022,836,1024
1022,837,836
841,838,1025
639,638,838
1013,827,1009
1013,831,827
632,832,633
1018,1219,1020
1018,831,1013
1018,832,831
832,835,633
1020,1219,1221
832,1020,835
832,1018,1020
822,1010,1012
1206,1208,1007
1206,1007,1011
1009,827,823
1007,826,1011
1007,823,826
628,823,827
628,626,823
620,819,820
620,618,819
620,820,621
819,1005,1006
621,822,622
1398,1209,1400
820,1010,822
1207,1005,1205
825,1012,1011
825,822,1012
820,1006,1010
820,819,1006
1400,1209,1212
1012,1010,1212
1007,1009,823
1211,1396,1216
1011,1209,1206
1011,1012,1209
1208,1211,1009
1392,1391,1578
1758,1757,1581
1392,1211,1208
1005,1207,1006
1399,1582,1588
1399,1402,1207
1212,1010,1210
1205,1399,1207
1205,1395,1399
1566,1385,1565
1199,1198,1385
1910,1743,1740
1385,1382,1565
1387,1386,1564
1199,1385,1386
1389,1573,1395
1389,1568,1573
1386,1566,1564
1386,1385,1566
1745,1568,1564
1748,1573,1568
1730,1903,1733
1565,1382,1562
1910,1740,1909
1566,1565,1740
1900,2047,1903
1740,1565,1736
2074,2082,2052
1909,1740,1736
2052,1909,1906
2082,1910,1909
2219,1912,1910
1912,1745,1743
2082,2219,1910
1748,1922,1751
2081,2076,1913
1922,2227,1751
1912,1743,1910
1564,1566,1743
1743,1745,1564
1912,1913,1745
2081,1918,2076
1570,2226,1918
1764,1576,1757
1391,1206,1398
1757,1758,1955
1584,1767,1758
1758,1767,2092
1584,1587,1767
2224,1755,1936
1576,1581,1757
1753,2350,2224
1947,1930,1761
1753,2224,2089
1580,1586,1396
1765,1585,1936
1580,1754,1586
1936,1755,1764
2224,2350,1754
2224,1754,1755
2350,1761,1754
1396,1408,1216
1586,1589,1408
1211,1392,1396
1396,1392,1580
1403,1587,1584
1588,1762,1587
1755,1578,1764
1755,1580,1578
1403,1402,1587
1210,1207,1402
1400,1403,1584
1212,1210,1403
1581,1400,1584
1581,1398,1400
1209,1398,1206
1581,1576,1398
1391,1392,1208
1578,1580,1392
1221,1413,1222
1412,1589,1591
2087,1591,1589
1632,1769,1220
1591,1592,1413
1591,2087,1956
1591,1956,1592
1437,1632,1281
2091,1601,1595
1957,1418,1601
1430,1787,1957
1949,1427,1416
1595,1415,1592
1223,1222,1415
1787,1416,1418
1787,1949,1416
1416,1427,1229
1949,1263,1427
1292,1446,1060
1292,1041,1446
4,478,54
1446,1041,1244
1292,866,1041
54,671,92
92,703,5
1033,1270,1466
1060,1446,1270
703,473,5
703,859,473
642,645,843
1060,1270,845
1098,695,866
700,473,863
645,648,845
648,464,467
128,700,460
128,55,700
5,473,55
6,695,467
460,866,695
128,460,93
1787,1430,1423
1288,1087,1056
843,645,845
455,154,151
6,467,56
695,1098,467
2091,1228,1957
1275,641,879
1275,1288,1423
459,154,455
1787,1423,1949
1288,1056,2094
2094,1423,1288
2094,1949,1423
1437,2091,1935
1228,1430,1957
1761,2087,1589
1930,1769,2087
1632,1935,1769
2091,1595,1935
1956,1769,1935
1930,1220,1769
1437,1228,2091
1023,1430,1228
2224,1936,2089
1764,1757,1765
1753,1947,2350
1407,1611,1947
1629,1753,2089
1407,1947,1753
1283,1611,1407
1080,631,1048
1632,1220,834
1930,1611,1220
634,895,1281
670,95,461
1039,1437,1281
1039,1228,1437
1281,1632,834
1437,1935,1632
1430,1275,1423
1023,641,1275
879,1087,1288
683,456,7
467,464,56
645,642,455
93,695,6
645,455,464
642,1087,459
642,459,455
1087,879,683
1275,879,1288
456,641,461
895,890,1039
461,57,456
1087,683,459
879,641,456
1281,895,1039
450,8,670
834,634,1281
631,444,634
879,456,683
641,890,461
154,459,94
456,57,7
895,670,890
95,57,461
890,670,461
895,450,670
670,8,95
450,444,58
631,1080,439
129,439,96
444,631,439
1283,1048,1611
631,834,1048
1248,1283,1407
1080,1048,1283
1016,1248,1629
1016,865,1248
853,1248,865
1407,1629,1248
1257,1016,1394
865,438,853
676,853,438
1283,1248,853
858,865,1016
858,415,865
1257,1044,1089
1017,1217,1014
1440,1249,1044
1017,1014,829
1043,818,1246
1014,1217,1213
1017,829,830
824,1008,818
1406,1213,1217
2076,1922,1913
1249,1017,830
1249,1438,1017
1249,1440,1609
1044,1257,1440
1438,1249,1609
830,1044,1249
1016,1257,858
1394,1440,1257
1394,1585,1440
1936,1764,1765
1617,1438,1777
1217,1017,1438
1955,1765,1757
1955,1777,1765
2092,1777,1955
2092,1617,1777
1617,1948,1406
1762,1756,1760
1406,1760,1614
1948,1762,1760
1438,1617,1217
2092,1948,1617
1617,1406,1217
1948,1760,1406
1406,1614,1213
1760,2227,2090
2076,1749,2090
1614,1760,2090
1747,1570,1918
1775,1246,1434
2076,2090,1922
1749,1614,2090
1912,2219,2081
2226,1749,2076
1747,2347,1911
2347,1918,2081
2052,2082,1909
1911,2219,2082
1912,2081,1913
1628,1747,1738
1903,2047,2051
801,992,1443
2219,2347,2081
2219,1911,2347
2076,1918,2226
2347,1747,1918
2082,2074,1911
2345,2201,2048
2226,1775,1749
1008,1213,1434
1447,1775,1570
1434,1749,1775
1447,1570,1445
1775,2226,1570
1447,1246,1775
1008,1434,1246
1911,1738,1747
2074,1932,1738
2201,2193,2565
2345,2048,1734
1932,1381,1738
1269,1064,1445
1734,2048,1941
1725,2098,1598
2565,2341,2048
2565,2445,2341
2074,2345,1932
2074,2052,2197
2450,2326,2327
2333,2566,2182
1893,2042,2040
2186,2180,2332
2187,2186,2327
1725,2182,2098
2184,2181,2333
2349,1919,2098
2182,2566,2349
2333,2326,2566
2330,2332,2180
2330,2460,2571
1741,1919,2064
2566,2326,2450
2430,2308,2306
2311,2167,2165
2330,2571,2332
2460,2174,2179
2031,2165,2167
2030,1877,2028
2434,2446,2311
2313,2169,2314
2314,2169,2167
2313,2320,2171
2034,2171,2035
2169,2313,2171
2332,2327,2186
2179,2571,2460
2043,2041,2180
2041,1891,1895
2187,2042,2186
1892,1720,1891
2039,2035,2173
1888,2034,2035
2176,2173,2456
2035,2171,2173
2033,2031,2167
1878,2030,2031
2033,2167,2169
2169,2171,2034
2041,2039,2176
1895,1894,2039
2180,2041,2176
1891,1721,1895
2042,2043,2186
1891,2041,2043
2040,2042,2187
1893,1892,2042
2045,2044,2184
1557,1723,1726
2326,2187,2327
2181,2044,2040
2326,2181,2187
2326,2333,2181
2045,2193,2047
2184,2445,2193
2197,2201,2345
2051,1906,1903
2193,2045,2184
1900,1897,2045
2051,2047,2201
1900,2045,2047
2074,2197,2345
2052,1906,2051
1736,1733,1906
1730,1900,1903
2197,2051,2201
2197,2052,2051
2045,1897,2044
1729,1730,1559
2181,2040,2187
2044,1897,1896
2044,1896,2040
1723,1896,1726
2040,1896,1893
1557,1373,1369
1897,1726,1896
1729,1900,1730
1730,1733,1561
1903,1906,1733
1561,1559,1730
1378,1192,1376
1376,1558,1559
1897,1900,1729
1190,1376,1192
1190,1373,1376
1382,1380,1562
1196,1194,1380
1185,1369,1373
1723,1718,1893
1558,1557,1726
1369,1553,1557
1368,1553,1369
1368,1554,1553
1729,1558,1726
1729,1559,1558
1896,1723,1893
1557,1553,1723
1548,1546,1719
1367,1179,1365
1554,1550,1720
1371,1548,1550
1368,1372,1554
1188,1184,1372
1367,1548,1371
1719,1721,1548
1174,1360,1176
1358,1540,1360
1177,1365,1179
1543,1546,1365
1171,1357,1358
1707,1878,1711
1539,1540,1358
1539,1707,1711
1360,1541,1363
1360,1540,1541
1539,1711,1540
1878,2031,1881
1541,1715,1543
1541,1712,1715
2035,1894,1888
1719,1546,1717
2042,1892,2043
1718,1720,1892
1717,1894,1719
1717,1888,1894
1719,1895,1721
1719,1894,1895
1711,1881,1712
1711,1878,1881
1888,1885,2034
1715,1712,1885
1881,2033,1885
1881,2031,2033
1539,1537,1707
2024,1870,2023
2160,2026,2024
1535,1351,1533
1701,1532,1699
1532,1349,1530
1871,1703,1701
1870,1705,1703
1533,1532,1701
1350,1160,1349
2022,1871,1869
1703,1535,1533
1536,1534,1706
1535,1703,1705
1875,1706,1872
1354,1168,1166
1704,1536,1706
1357,1539,1358
1704,1537,1536
1704,1707,1537
1168,1355,1167
1536,1537,1355
1167,1357,1171
1537,1539,1357
1347,1349,1159
1532,1350,1349
1355,1354,1536
1166,1353,1354
1532,1533,1350
1701,1703,1533
1534,1535,1705
1353,1351,1535
1706,1534,1705
1354,1353,1534
1696,1527,1694
1523,1342,1521
1699,1530,1698
1699,1532,1530
1346,1344,1527
1346,1155,1344
1346,1529,1347
1346,1527,1529
1144,1336,1145
1514,1686,1689
1145,1339,1147
1336,1513,1514
1339,1518,1341
1339,1336,1514
1341,1521,1342
1518,1690,1521
1344,1523,1527
1344,1342,1523
1339,1514,1518
1513,1686,1514
1514,1689,1518
1686,1848,1851
1860,1692,1856
1523,1521,1692
1865,1696,1864
1527,1523,1694
2152,2018,2016
1698,1529,1696
2016,2018,1865
1869,1699,1868
1864,1696,1694
1865,1698,1696
2004,1851,1848
1689,1686,1851
2012,1860,1856
1690,1689,1854
2007,2009,1854
1860,1694,1692
2144,2007,2142
1854,1851,2007
2142,2004,2140
2007,1851,2004
2146,2014,2012
1856,1854,2009
2410,2406,2518
2016,1865,1864
2292,2294,2152
2155,2019,2018
2009,2012,1856
2014,1864,1860
1860,1864,1694
2014,2016,1864
2145,2146,2012
2014,1860,2012
1869,1871,1701
2023,2158,2024
2022,2023,1871
2022,2157,2023
2161,2028,2026
1706,1705,1872
1877,1875,2028
1704,1706,1875
2031,2030,2165
1878,1877,2030
2303,2305,2160
2305,2306,2161
2022,2019,2156
1869,1868,2019
2160,2024,2158
1872,1870,2024
2024,2026,1872
2160,2161,2026
2152,2155,2018
2298,2156,2155
2158,2157,2302
2022,2156,2157
2165,2163,2308
2030,2028,2163
2422,2305,2303
2160,2158,2303
2430,2306,2427
2161,2160,2305
2163,2306,2308
2163,2161,2306
2294,2292,2413
2152,2016,2150
2152,2294,2155
2413,2418,2294
2156,2299,2157
2420,2416,2299
2145,2288,2146
2286,2405,2408
2146,2289,2150
2288,2406,2289
2009,2144,2145
2288,2289,2146
2292,2150,2289
2016,2014,2150
2282,2142,2278
2007,2004,2142
2288,2145,2286
2009,2007,2144
2009,2145,2012
2144,2286,2145
2506,2512,2398
2142,2140,2278
2144,2282,2286
2144,2142,2282
2234,2356,2355
2358,2237,2363
2574,2573,2464
2354,2355,2463
2466,2464,2356
2463,2355,2464
2666,2668,2575
2465,2354,2463
2575,2468,2465
2357,2248,2238
2572,2666,2575
2468,2473,2360
2468,2357,2465
2468,2360,2357
2251,2360,2362
2251,2248,2360
2580,2473,2577
2476,2362,2473
2600,2488,2595
2375,2370,2488
2265,2378,2264
2265,2375,2378
2259,2381,2384
2264,2378,2381
2384,2489,2495
2384,2381,2489
2495,2604,2501
2601,2489,2591
2600,2492,2488
2493,2378,2492
2686,2595,2677
2476,2473,2580
2692,2599,2600
2693,2591,2599
2670,2674,2580
2481,2476,2585
2600,2595,2686
2481,2585,2595
2692,2600,2686
2599,2492,2600
2495,2489,2601
2489,2493,2591
2694,2601,2691
2604,2495,2601
2611,2701,2711
2604,2601,2694
2686,2677,2775
2595,2585,2677
2775,2861,2779
2781,2693,2692
2780,2691,2773
2601,2591,2691
2760,2668,2755
2577,2468,2575
2760,2670,2668
2580,2577,2670
2572,2575,2465
2668,2577,2575
2768,2677,2674
2677,2585,2674
2667,2665,2574
2573,2572,2463
2665,2573,2574
2665,2664,2573
2667,2753,2665
2752,2664,2665
2572,2664,2666
2572,2573,2664
2752,2751,2664
2751,2829,2831
2664,2751,2666
2829,2897,2831
2831,2755,2751
2668,2666,2755
2855,2764,2848
2674,2670,2764
2855,2768,2764
2775,2677,2768
2848,2760,2835
2764,2670,2760
2901,2835,2831
2835,2755,2831
2830,2753,2832
2752,2665,2753
2752,2830,2829
2752,2753,2830
2848,2835,2905
2760,2755,2835
2954,2951,2900
2905,2835,2901
2829,2898,2897
2829,2830,2898
2953,2980,2905
2922,2855,2848
2857,2855,2930
2859,2784,2935
2980,2968,2922
2859,2986,2968
2922,2848,2905
2764,2760,2848
2930,2855,2922
2855,2857,2768
2968,2930,2922
2986,2990,2925
2860,2921,2923
2935,2784,2782
2853,2860,2923
2921,2990,2965
2857,2925,2861
2930,2986,2925
2782,2965,2990
2965,2923,2921
2924,2987,2973
2863,2787,2937
2965,2967,2923
2863,2987,2967
2853,2929,2858
2923,2967,2929
2929,2924,2858
2929,2987,2924
2864,2928,2867
2973,2942,2928
2692,2779,2781
2781,2779,2860
2773,2853,2858
2781,2860,2853
2768,2857,2775
2930,2925,2857
2857,2861,2775
2925,2921,2861
2775,2779,2686
2861,2860,2779
2864,2780,2858
2691,2693,2773
2701,2694,2786
2701,2604,2694
2694,2780,2786
2773,2858,2780
2867,2790,2786
2867,2874,2790
2724,2946,2887
2723,2818,2731
2724,2811,2946
2628,2723,2627
2735,2818,2811
2632,2528,2537
2821,2739,2636
2284,2457,2543
2522,2636,2435
2814,2818,2632
2814,2632,2750
2818,2735,2828
2800,2874,2809
2620,2626,2724
2790,2874,2800
2453,2658,2523
2969,2869,2874
2620,2724,2809
2874,2869,2809
2969,2873,2869
2620,2738,2545
2869,2873,2826
2826,2873,2715
2969,2928,2942
2626,2620,2403
2809,2738,2620
2457,2528,2543
2828,2735,2543
2626,2735,2811
2543,2528,2828
2632,2828,2528
2632,2818,2828
2724,2626,2811
2403,2543,2626
2329,2537,2455
2750,2632,2537
2070,2329,2215
2070,1937,2196
2329,2455,2215
2537,2528,2455
1946,2070,2215
2424,2340,2172
1946,1752,2070
1700,2340,2020
1610,1925,1439
1616,1937,1752
2435,2196,2297
1937,1700,2020
2297,2196,2020
2435,2329,2196
2233,2462,2321
1943,1356,1608
2424,2172,2423
1943,1608,2065
2162,2657,2544
2172,1943,2065
2340,2424,2559
2636,2814,2750
2747,2522,2297
2750,2537,2435
2297,2522,2435
2739,2635,2631
2435,2636,2750
2821,2892,2640
2638,2747,2642
2559,2020,2340
2462,2544,2321
2172,2065,2321
2642,2747,2559
2297,2020,2559
2544,2423,2321
2532,2424,2423
2522,2747,2892
2297,2559,2747
2427,2422,2531
2532,2423,2651
2532,2642,2424
2527,2530,2416
2520,2635,2521
2739,2814,2636
2521,2640,2525
2635,2821,2640
2522,2821,2636
2522,2892,2821
2627,2723,2731
2818,2814,2731
2635,2739,2821
2631,2731,2739
2517,2624,2628
2946,2811,2728
2631,2627,2731
2728,2811,2723
2515,2512,2619
2711,2800,2716
2624,2619,2721
2619,2617,2716
2617,2611,2711
2501,2604,2611
2721,2619,2716
2506,2395,2501
2728,2624,2721
2398,2401,2278
2723,2628,2728
2517,2515,2624
2518,2627,2631
2514,2517,2628
2624,2515,2619
2405,2286,2282
2514,2628,2627
2624,2728,2628
2619,2512,2617
2398,2278,2273
2617,2512,2506
2401,2282,2278
2506,2398,2395
2512,2515,2401
2512,2401,2398
2515,2517,2405
2515,2405,2401
2517,2514,2408
2288,2408,2406
2288,2286,2408
2631,2520,2518
2292,2289,2410
2413,2521,2418
2635,2640,2521
2527,2420,2525
2420,2418,2525
2410,2520,2413
2631,2635,2520
2532,2654,2642
2525,2640,2638
2420,2527,2416
2532,2651,2538
2642,2654,2638
2532,2530,2654
2538,2422,2421
2427,2305,2422
2638,2527,2525
2654,2530,2527
2530,2538,2421
2531,2550,2427
2538,2531,2422
2550,2430,2427
2563,2430,2550
2434,2311,2308
2456,2324,2460
2456,2320,2324
2563,2434,2430
2569,2315,2446
2311,2446,2314
2568,2443,2437
2324,2570,2178
2324,2320,2570
2437,2446,2568
2437,2314,2446
2170,2315,2439
2446,2434,2569
2429,2563,2550
2439,2569,2563
2651,2531,2538
2651,2657,2531
2531,2657,2550
2651,2423,2544
2335,2429,2162
2439,2563,2429
2073,2170,2335
2168,2568,2315
2073,2335,1879
2170,2439,2335
2168,2315,2170
2568,2446,2315
1887,2067,2334
2178,2570,2334
1778,2067,1887
1551,1724,2067
2343,2179,1905
1452,1551,1390
2174,1724,2086
2178,2067,1724
1795,1741,1905
1605,1805,1919
1741,1795,1453
2086,1724,1549
1183,1200,1377
2098,1919,1805
1575,1788,1226
690,883,408
1377,1788,2085
2183,2445,2333
2085,1788,1941
1725,1598,1377
1183,1377,1598
1183,793,1200
2450,2349,2566
2064,1905,1741
2183,2085,2341
1725,1377,2085
2179,2174,2086
2460,2324,2174
2450,2064,2349
2450,2327,2343
2450,2343,2064
2332,2571,2343
1905,2179,2086
2343,2571,2179
2085,2183,1725
2341,2445,2183
1734,1941,1575
2048,2341,1941
2098,2182,2349
1725,2183,2182
1613,1734,1575
1932,2345,1734
1738,1381,1628
1932,1734,1613
992,1613,1443
1381,1932,1613
1381,1269,1628
1064,873,1255
424,427,619
824,1014,1008
1085,1043,1255
1085,614,1043
1043,1447,1255
1043,1246,1447
1628,1445,1570
1628,1269,1445
614,424,619
829,1014,824
830,627,1044
1089,858,1257
9,676,438
9,96,676
446,434,627
415,701,865
97,130,415
59,438,701
434,693,1089
693,97,415
619,427,624
441,446,630
858,693,415
434,10,693
627,434,1089
446,60,434
701,415,130
100,133,394
438,59,9
701,130,59
693,10,97
10,434,60
427,441,624
427,98,441
824,619,624
131,60,446
98,131,441
99,678,418
1085,1255,873
421,424,614
11,98,427
818,619,824
818,614,619
1043,614,818
1085,421,614
1613,1575,1443
1941,1788,1575
801,810,992
1269,1381,992
810,1064,1269
612,873,1064
992,810,1269
603,612,810
1226,1061,1443
603,810,801
1741,1605,1919
1432,1639,1805
1453,1605,1741
1453,1254,1605
1290,1090,1058
587,597,793
401,64,14
1432,1605,1254
1788,1200,1226
793,597,1081
1200,793,1081
1183,1639,1058
1226,1200,1081
1788,1377,1200
883,1061,1081
801,1443,1061
810,612,1064
603,397,413
418,678,873
99,132,678
678,421,1085
678,132,421
424,11,427
61,11,424
421,61,424
413,418,612
12,99,418
603,593,397
603,801,593
603,413,612
397,133,62
690,394,1095
593,1061,1095
408,883,597
1095,1061,883
883,690,1095
133,397,394
413,62,12
387,63,408
100,394,690
13,100,690
101,134,384
63,13,408
384,134,387
387,587,384
1058,1639,1290
387,134,63
1183,1058,793
1639,1432,1290
1058,587,793
1090,384,587
1254,1067,1432
601,797,594
1432,1067,1290
799,797,601
599,876,1067
687,1090,876
799,601,599
406,64,401
876,401,687
599,406,401
102,135,403
599,1067,799
601,594,403
797,794,594
787,1070,1454
1072,590,794
1187,1074,1172
588,391,878
878,1072,1070
1615,1778,1735
787,1454,1172
1214,1615,1454
1254,799,1067
1254,984,799
594,794,590
797,984,982
590,1072,878
1253,982,1452
799,984,797
1254,1453,984
797,982,794
1189,1795,1549
2086,1549,1795
1724,1551,1549
984,1189,982
984,1453,1189
1615,1390,1778
1551,2067,1778
1189,1452,982
1549,1551,1452
1072,1253,1214
1551,1778,1390
1622,1615,1735
1214,1390,1615
1214,1253,1390
1072,794,1253
1708,1931,2073
1931,2077,2073
2077,1931,1735
2073,1879,1708
2077,1887,2168
1735,1778,1887
1887,2077,1735
2168,2170,2077
2462,2162,2544
2657,2651,2544
2335,2162,1879
2429,2657,2162
2065,2233,2321
2066,2162,2462
1925,2066,2233
1879,2162,2066
1732,1708,1879
891,1030,1261
1732,2066,1925
2066,2462,2233
2066,1732,1879
1618,1361,1708
1615,1622,1454
1931,1708,1361
1622,1361,1172
1708,1732,1618
1610,1618,1732
1442,1030,1187
1618,1187,1361
1618,1442,1187
1732,1925,1610
2233,2065,1925
1610,1439,1233
1925,1608,1439
1610,1442,1618
1610,1233,1442
2658,2826,2715
2738,2869,2826
2785,2712,2894
2873,2969,2942
2453,2545,2658
2403,2620,2545
2312,2453,2523
2545,2738,2658
2005,1850,2220
2403,2545,2279
2658,2715,2523
2873,2942,2894
2712,2825,2894
2715,2873,2894
2736,2653,2680
2894,2942,2785
2715,2825,2523
2715,2894,2825
2680,2653,2504
2644,2825,2712
2504,2644,2712
2415,2749,2644
2560,2331,2417
2415,2644,2504
1916,1590,1786
1916,1786,2352
2352,1786,2056
1515,1793,1850
2213,2453,2312
2213,2279,2453
2749,2896,2644
2312,2523,2896
2185,2552,2749
2352,2312,2552
1739,2075,1793
2005,2279,2213
2056,1852,2213
1786,1515,1852
1451,1148,1515
949,758,762
949,1450,1148
1621,1739,1450
1073,880,1279
1460,1796,1579
1441,1073,1279
554,562,766
2075,1739,1863
1793,1450,1739
1621,1579,1716
1441,1460,1579
1460,1250,1796
1051,1084,554
1716,1946,2215
1752,1937,2070
2528,2457,2159
1850,1793,2075
2075,2220,1850
2159,2455,2528
1852,2005,2213
2220,2457,2284
2403,2284,2543
2220,2075,2159
2279,2284,2403
2279,2005,2284
2220,2159,2457
2075,1863,2159
1796,1752,1946
1435,1250,959
2159,1863,2455
1739,1716,1863
1435,1616,1752
1356,1700,1616
1616,1162,1356
573,562,363
1250,1435,1796
1162,1616,1435
967,1170,964
766,1250,1051
1442,1261,1030
1233,1439,967
1233,777,1261
570,778,573
778,967,964
1439,1608,1170
1233,967,777
1439,1170,967
1172,1074,787
1187,1030,1074
582,588,787
386,391,588
601,406,599
601,403,406
403,392,102
594,590,392
406,135,64
406,403,135
888,582,1074
379,386,582
590,388,392
878,391,388
582,888,379
1074,1030,888
582,386,588
1030,891,888
1261,777,575
392,15,102
391,386,136
15,388,65
65,391,136
386,103,136
888,666,379
891,375,666
666,375,66
575,777,570
379,16,103
379,666,16
891,575,375
573,778,774
372,369,104
372,575,570
375,575,372
891,1261,575
372,570,369
777,967,778
1162,959,964
1162,1435,959
774,778,964
570,777,778
959,774,964
959,766,774
774,766,562
959,1250,766
562,573,774
369,570,573
1786,1451,1515
280,538,1086
1590,1252,1451
754,538,547
1451,946,1148
754,1252,1046
1451,1252,946
1451,1786,1590
1621,1259,1441
762,558,557
754,547,758
558,762,758
1073,1259,762
1073,1441,1259
1450,949,1259
1148,946,949
1441,1279,1460
680,347,18
1279,1084,1051
17,104,369
1051,554,766
351,345,138
554,351,562
347,680,880
351,67,363
363,67,17
562,351,363
554,1084,345
1279,880,1084
1073,762,557
105,345,680
351,554,345
354,557,558
354,347,557
1084,880,680
880,557,347
1084,680,345
347,68,18
351,138,67
345,105,138
350,354,558
68,347,354
680,18,105
354,139,68
336,19,106
443,697,20
558,547,350
758,946,754
350,336,106
547,538,336
1252,754,946
1252,1638,1046
1046,1276,1086
443,47,280
860,443,1086
19,336,280
1086,443,280
860,1091,697
443,20,47
860,697,443
1091,319,697
107,319,380
69,697,319
881,380,530
107,69,319
21,107,380
1234,1055,1243
1091,860,1231
1243,881,966
380,319,530
538,1046,1086
1469,966,530
1638,1417,1276
1923,1783,2083
1091,1469,530
1802,1417,1923
1276,1417,1231
1638,1590,1783
754,1046,538
1638,1276,1046
2185,2083,1916
1638,1252,1590
2083,1783,1916
1417,1638,1783
2185,1916,2352
1783,1590,1916
2342,2083,2185
1802,1607,1469
2069,1784,1923
1607,966,1469
1231,1802,1469
1231,1417,1802
2083,2342,2069
1366,1397,1243
1923,1784,1607
1544,1397,1366
1607,1366,966
1784,1544,1366
2415,2342,2749
1873,1784,2069
2083,2069,1923
2342,2149,2069
2504,2417,2415
2653,2736,2662
2331,2149,2417
1873,2069,2149
2149,2331,1873
2417,2504,2653
1873,1544,1784
1873,2331,2079
1323,1121,1612
1397,1544,1774
1612,1958,1774
1234,1397,1958
864,1055,1234
900,273,140
1234,1243,1397
689,21,380
966,881,530
1243,1055,881
1055,689,881
1055,273,900
689,70,21
140,273,108
1958,1429,1640
694,273,864
689,900,70
689,1055,900
70,900,140
108,694,22
22,694,389
708,498,1063
277,141,71
490,277,498
71,22,389
1287,892,1088
276,141,277
498,277,389
276,684,109
490,276,277
490,1088,276
141,276,109
23,304,72
72,304,272
72,272,142
272,489,271
142,271,110
892,491,304
1082,1158,707
142,272,271
304,491,272
684,1088,892
1114,1121,1323
684,892,304
1088,490,1054
272,491,489
892,1287,1082
1428,1158,1082
1082,491,892
708,1121,1114
707,1100,1077
1287,1428,1082
1636,1421,1436
491,707,489
1158,1320,1100
1806,1599,1158
1648,1320,1599
1599,1320,1158
2230,2433,2567
1672,1836,1660
1323,1672,1660
1428,1806,1158
1603,1920,1806
490,708,1054
1603,1806,1428
1603,1114,1323
1640,864,1234
1428,1114,1603
1428,1287,1054
1054,708,1114
490,498,708
1428,1054,1114
1287,1088,1054
708,1063,1121
498,1097,1063
389,1097,498
389,694,1097
1323,1612,1672
1121,1429,1612
1612,1429,1958
1121,1063,1429
1958,1640,1234
1429,1063,1640
1544,2079,1774
2331,2222,2079
1774,1926,1612
2079,2222,1926
2323,2059,2117
2300,2222,2560
1920,1603,1660
1603,1323,1660
2497,2387,2374
1836,2080,2337
2782,2939,2965
2387,2541,2323
2556,2300,2662
2222,2331,2560
2662,2300,2560
2337,2080,2300
2417,2653,2560
2504,2712,2680
2653,2662,2560
2736,2806,2639
2785,2937,2787
2973,2987,2937
2787,2680,2785
2787,2736,2680
2497,2639,2699
2863,2967,2939
2556,2736,2639
2736,2787,2806
2939,2699,2806
2374,2337,2556
2736,2556,2662
2639,2374,2556
2497,2374,2639
2117,2337,2374
2685,2699,2782
2639,2806,2699
2698,2641,2685
2641,2387,2497
2935,2782,2990
2939,2967,2965
2685,2782,2784
2699,2939,2782
2986,2935,2990
2986,2859,2935
2698,2685,2784
2497,2699,2685
2859,2776,2784
2641,2497,2685
2613,2641,2698
2387,2117,2374
2541,2613,2359
2815,2886,2938
2613,2541,2641
2359,2107,2339
2359,2339,2541
2107,1831,2339
2541,2387,2641
2541,2339,2323
1831,2057,2339
2059,1836,2117
2231,1920,2059
1660,1836,2059
2323,2057,2231
1599,1806,1920
2339,2057,2323
1831,1666,1648
2323,2231,2059
2057,1648,2231
1920,1648,1599
2057,1831,1648
2629,2567,2748
2433,2107,2540
2204,2021,2295
1780,1945,1594
2888,2730,2808
2295,2567,2629
2730,2659,2629
2557,2204,2295
2976,2934,2955
2808,2717,2947
2947,2717,2876
2540,2359,2578
2876,2717,2815
2717,2748,2540
2717,2540,2578
2748,2433,2540
2776,2886,2673
2859,2968,2940
2613,2673,2578
2613,2698,2673
2980,2940,2968
2886,2776,2940
2784,2776,2698
2859,2940,2776
2901,2953,2905
2963,2886,2940
2950,2978,2953
2978,2963,2953
2901,2950,2953
2938,2955,2876
2953,2963,2980
2978,2938,2963
2673,2815,2578
2673,2886,2815
2950,2975,2978
2955,2947,2876
2976,2955,2994
2934,2964,2883
2897,2950,2901
2948,2898,2949
2897,2948,2950
2979,2976,2975
2979,2949,2977
2898,2899,2949
2950,2948,2975
2897,2898,2948
2976,2979,2964
2949,2951,2977
2949,2979,2948
2977,2964,2979
2975,2976,2994
2934,2883,2804
2977,2992,2907
2907,2795,2883
2955,2934,2888
2883,2741,2804
2888,2934,2804
2976,2964,2934
2955,2888,2947
2804,2730,2888
2808,2730,2629
2804,2741,2648
2629,2659,2295
2730,2804,2648
2542,2648,2741
2535,2730,2648
2659,2535,2557
2659,2730,2535
2199,2440,2426
2535,2648,2426
2535,2440,2557
2199,1884,2078
1526,2078,1884
2194,2440,2078
1526,1126,1929
1075,1277,885
2096,1635,1422
1071,893,1289
1945,1742,1594
1929,1635,2096
1742,1422,1594
1635,1126,1071
2295,2021,2567
1780,1594,1953
2204,1945,2021
1742,2096,1422
2204,1742,1945
2204,2194,1742
1945,1927,2021
2068,2107,2433
2021,1927,2230
1780,1421,1604
1927,2068,2230
1831,2107,2068
1648,1666,1320
2068,1927,1666
1158,1100,707
1320,1666,1604
489,1077,871
1421,1953,1436
1320,1604,1100
1666,1927,1604
1421,1780,1953
1927,1945,1780
1100,1421,1077
1100,1604,1421
1594,1218,1953
1594,1422,1218
839,1094,1436
1636,1077,1421
1094,1636,1436
871,1077,1636
1636,1094,871
1436,1218,839
271,897,110
662,73,24
110,897,24
1289,1065,1218
335,73,662
897,662,24
1094,839,662
1065,335,839
669,111,335
73,335,111
111,669,25
1422,1289,1218
1422,1635,1289
335,1065,669
839,1218,1065
1635,1071,1289
1126,1458,729
306,112,143
293,893,514
729,1075,519
25,669,293
1272,679,885
74,293,307
25,293,74
74,307,143
519,307,514
26,283,75
112,679,26
1050,1272,1277
283,26,679
306,679,112
1272,283,679
729,1458,1075
1277,1272,885
307,306,143
885,679,306
306,519,885
1410,1804,1630
885,519,1075
306,307,519
1804,1794,1914
1458,1526,1794
514,729,519
514,1071,729
1596,1456,1265
1791,2058,1938
2097,1596,1804
2097,1791,1596
1458,1410,1075
1458,1794,1410
710,712,903
1050,1630,1265
1277,1630,1050
1277,1410,1630
505,495,713
499,1050,712
495,494,710
1050,1265,712
1109,1455,905
1480,1939,1790
710,903,905
1265,1456,903
1631,1266,1597
1455,1790,1597
1455,1266,905
1455,1597,1266
1000,1280,1411
1053,1266,1631
337,1274,681
1053,1631,1280
495,710,713
713,1053,505
113,337,27
505,1274,337
281,495,290
505,337,290
281,494,495
494,712,710
283,499,286
499,712,494
281,286,494
75,283,286
75,286,152
155,281,290
152,286,281
155,290,113
152,281,155
337,681,27
524,1271,882
681,76,27
681,312,76
1274,884,681
1274,1053,1280
884,312,681
884,1000,524
77,28,358
314,312,524
314,524,882
312,884,524
1278,682,882
144,312,314
314,114,144
682,1278,358
28,682,358
279,145,77
282,115,145
509,310,282
332,675,116
310,672,29
332,116,78
709,496,1057
682,28,114
496,358,1278
279,77,358
314,682,114
314,882,682
279,492,282
492,711,509
358,496,279
711,1282,509
29,672,78
1038,1282,1467
1467,1770,1038
332,78,672
991,1068,1236
1467,1602,1770
672,848,332
848,894,1038
848,1038,1462
848,672,894
709,711,492
904,1235,711
310,894,672
509,1282,894
1951,1425,1633
2093,1627,1425
496,709,492
1268,904,709
882,1633,1278
1425,1268,1057
279,496,492
1278,1057,496
524,1000,1271
1280,1631,1411
884,1280,1000
884,1274,1280
1000,1384,1271
1552,1800,1908
1384,1951,1271
1384,1766,1951
1057,1633,1425
1057,1278,1633
2207,1924,2049
1627,2093,1924
1552,1766,1384
2093,1951,1766
2190,1981,1824
1824,1782,2207
2207,2049,2336
1924,1766,1886
1497,1822,1773
2454,2190,2336
1497,1824,1822
1497,1298,1782
1497,1782,1824
1627,1924,1782
1307,1298,1497
904,1268,1298
1235,1602,1467
1235,1307,1602
904,1307,1235
904,1298,1307
2192,2088,1915
1462,1038,1770
1236,1954,1574
1462,1770,1954
1574,1728,1488
1915,1770,1602
1236,1574,1465
1954,1770,2088
2029,2353,2432
1728,1574,2088
2353,2088,2192
1574,1954,2088
2344,1915,2229
2088,1770,1915
2316,2533,2660
2192,1915,2344
2229,2054,2344
1822,1981,2208
1933,2095,2346
2353,2192,2548
1728,2353,2029
1728,2088,2353
2660,2643,2432
2827,2705,2643
2054,2316,2344
2734,2827,2660
2660,2533,2734
2660,2548,2316
2208,2316,2054
2208,2412,2316
2344,2548,2192
2344,2316,2548
1981,2190,2253
2586,2882,2817
2817,2707,2491
2533,2316,2412
1822,2208,2054
2451,2412,2208
1824,1981,1822
2190,2207,2336
2549,2454,2336
2661,2467,2454
2253,2190,2454
1824,2207,2190
2253,2467,2474
2737,2802,2763
2404,2740,2549
2802,2854,2763
2467,2253,2454
2474,2451,2253
2562,2655,2621
2722,2824,2865
2249,2551,2436
2722,2865,2972
2551,2824,2655
2551,2371,2649
2212,2241,2249
2487,2650,2682
2562,2459,2436
2166,2249,2436
2166,2212,2249
1939,1480,1658
2549,2153,2404
2436,2655,2562
2404,2325,2562
2564,1908,2223
2404,2153,2325
2336,2049,2153
2049,1886,2027
2049,1924,1886
1886,1908,2027
1886,1766,1552
1411,1552,1384
1908,1886,1552
1631,1800,1411
1597,2223,1800
1109,1480,1455
2061,2166,2459
1455,1480,1790
1109,1456,1477
2027,2564,2325
2061,1790,1939
2325,2564,2459
2027,1908,2564
2166,2061,1939
2564,2223,2061
1939,1658,2212
1480,1109,1477
2241,1971,2246
1791,1456,1596
1658,1477,1938
1658,1480,1477
2058,1791,2097
1938,1477,1791
2058,2228,2328
2036,2199,2304
2328,2228,2036
2058,2097,2228
2246,2206,2547
1938,2058,2206
2036,2304,2328
2633,2542,2741
2440,2199,2078
2426,2304,2199
2426,2542,2304
2426,2648,2542
2328,2428,2547
2304,2542,2428
2249,2241,2371
1971,1938,2206
2212,1971,2241
2212,1658,1971
2682,2819,2487
2241,2246,2373
2650,2529,2727
2373,2246,2529
2964,2907,2883
2727,2529,2743
2542,2633,2428
2889,2727,2743
2743,2633,2889
2743,2428,2633
2875,2970,2958
2889,2633,2795
2883,2795,2741
2970,2889,2795
2958,2992,2988
2977,2951,2992
2958,2907,2992
2970,2795,2907
2951,2954,2992
2960,2996,2985
2941,2958,2988
2970,2907,2958
2889,2875,2727
2941,2843,2816
2816,2875,2941
2816,2727,2875
2371,2487,2649
2682,2839,2819
2373,2487,2371
2373,2650,2487
2891,2722,2972
2891,2621,2722
2551,2649,2824
2487,2819,2649
2865,2974,2972
3001,2927,2993
2932,2974,2991
2995,2927,3001
3003,2974,2995
3003,2995,3001
2865,2995,2974
2971,2819,2927
2865,2971,2995
2865,2824,2971
2993,2961,3001
3001,2961,2956
2989,2961,2993
2960,2985,2988
2974,3003,2991
2956,2903,2952
2952,3003,2956
2952,2991,3003
2956,2904,2903
2915,2916,2989
2903,2904,2836
2956,2961,2904
2683,2590,2678
2904,2961,2916
2915,2841,2916
2842,2904,2916
2961,2989,2916
2914,2843,2985
2840,2841,2915
2842,2916,2841
2910,2838,2840
2902,2834,2838
2989,2996,2915
2989,2993,2914
2989,2914,2996
2993,2839,2914
2954,2960,2988
2954,2902,2960
2902,2954,2900
2988,2992,2954
2915,2910,2840
2915,2996,2910
2960,2910,2996
2960,2902,2910
2834,2902,2900
2838,2910,2902
2832,2834,2900
2754,2757,2834
2830,2832,2899
2753,2754,2832
2757,2767,2838
2679,2681,2774
2834,2757,2838
2466,2576,2574
2757,2675,2767
2593,2482,2483
2576,2581,2669
2679,2767,2675
2757,2669,2675
2754,2667,2669
2576,2667,2574
2754,2753,2667
2363,2469,2358
2669,2667,2576
2464,2466,2574
2469,2581,2576
2576,2466,2469
2236,2237,2358
2358,2466,2356
2358,2469,2466
2239,2363,2237
2239,2366,2363
2482,2477,2366
2581,2469,2477
2367,2482,2366
2593,2596,2681
2675,2587,2679
2477,2482,2587
2587,2581,2477
2675,2669,2581
2583,2590,2479
2774,2769,2841
2587,2593,2679
2483,2484,2596
2483,2367,2368
2483,2482,2367
2482,2593,2587
2483,2596,2593
2245,2365,2244
2245,2361,2365
2484,2369,2479
2484,2368,2369
2361,2472,2365
2579,2583,2472
2472,2583,2479
2758,2833,2836
2583,2678,2590
2583,2579,2671
2583,2671,2678
2672,2582,2688
2590,2683,2596
2761,2836,2842
2593,2681,2679
2596,2683,2681
2840,2774,2841
2767,2679,2774
2841,2769,2842
2681,2683,2769
2767,2840,2838
2767,2774,2840
2762,2759,2688
2833,2758,2756
2671,2758,2678
2671,2756,2758
2678,2761,2683
2678,2758,2761
2837,2759,2847
2672,2579,2582
2909,2852,2908
2589,2696,2584
2845,2766,2771
2696,2762,2688
2846,2845,2771
2852,2762,2766
2771,2697,2690
2589,2584,2475
2766,2696,2697
2766,2762,2696
2759,2672,2688
2372,2361,2247
2756,2672,2759
2756,2671,2672
2383,2475,2379
2594,2486,2597
2579,2470,2582
2579,2472,2470
2254,2379,2250
2475,2471,2379
2470,2372,2471
2470,2361,2372
2383,2380,2480
2256,2260,2380
2256,2383,2254
2256,2380,2383
2589,2480,2594
2475,2383,2480
2589,2594,2697
2480,2380,2486
2480,2589,2475
2697,2696,2589
2592,2597,2490
2594,2480,2486
2676,2687,2588
2689,2597,2592
2490,2376,2485
2490,2377,2376
2261,2377,2260
2261,2376,2377
2376,2382,2485
2257,2258,2382
2382,2478,2485
2385,2494,2478
2695,2598,2602
2385,2386,2494
2777,2676,2695
2478,2494,2598
2485,2588,2592
2485,2478,2588
2598,2676,2588
2687,2689,2592
2777,2765,2676
2962,2982,2931
2594,2597,2690
2486,2490,2597
2687,2772,2689
2687,2676,2765
2850,2849,2772
2846,2771,2778
2772,2849,2778
2917,2981,2997
2687,2765,2772
2777,2862,2856
2868,2999,2933
2856,2933,2911
2765,2850,2772
2765,2777,2856
2999,2911,2933
2850,2765,2856
2868,2933,2936
2856,2862,2933
2926,2999,2868
2911,2850,2856
2788,2868,2966
2788,2770,2868
2926,2982,2999
2931,2851,2962
3000,2981,2962
2919,2850,2911
2920,2849,2919
2846,2778,2849
2982,2911,2999
2982,2919,2911
2962,2919,2982
2962,2920,2919
2766,2845,2852
2845,2846,2917
2912,2847,2909
2759,2762,2847
2957,2906,2912
2756,2759,2837
2912,2906,2837
2957,2952,2906
2845,2908,2852
2917,2846,2920
2918,3004,2983
3002,2957,2959
2849,2920,2846
2981,2913,2997
2845,2917,2908
2920,2962,2981
2920,2981,2917
2962,2851,3000
2763,2918,2882
2983,2997,2918
2844,2707,2817
2586,2763,2882
2959,3004,3002
2959,2983,3004
2918,2763,3004
2891,2972,2932
2802,2932,2854
2972,2974,2932
2891,2802,2740
2891,2932,2802
2467,2737,2586
2854,3004,2763
2844,2817,2882
2474,2586,2817
2586,2737,2763
2661,2740,2737
2813,2707,2851
2491,2474,2817
2645,2491,2707
2412,2451,2491
2707,2844,2851
2913,2981,3000
2913,2844,2882
3000,2851,2844
2878,2926,2770
2931,2982,2926
2926,2878,2931
2770,2705,2878
2645,2813,2734
2851,2931,2813
2660,2827,2643
2734,2878,2827
2533,2645,2734
2412,2491,2645
2794,2703,2871
2391,2605,2558
2794,2943,2709
2943,2807,2709
2792,2881,2877
2871,2966,2984
2862,2936,2933
2984,2966,2936
2944,2943,2879
2870,2945,2823
2984,2877,2998
2881,2792,2797
2870,2807,2944
2709,2703,2794
2732,2508,2616
2616,2605,2709
2614,2742,2399
2614,2945,2798
2554,2441,2646
2732,2616,2807
2745,2553,2447
2307,2458,2200
2285,2281,2003
2546,2516,2281
2281,2516,2447
2798,2803,2742
2447,2516,2745
2546,2742,2622
2823,2945,2614
2823,2732,2870
2399,2742,2546
2714,2713,2615
2807,2870,2732
2944,2872,2870
2614,2798,2742
2945,2870,2885
2546,2622,2516
2803,2798,2893
2810,2729,2895
2745,2516,2729
2458,2307,2534
2745,2729,2820
2726,2647,2820
2647,2745,2820
2718,2625,2630
2729,2622,2895
2719,2801,2714
2803,2622,2742
2714,2801,2799
2801,2805,2803
2801,2803,2893
2895,2622,2803
2704,2706,2797
2708,2710,2791
2794,2881,2943
2998,2871,2984
2943,2881,2880
2877,2789,2792
2793,2885,2872
2893,2798,2885
2794,2998,2881
2783,2862,2777
2881,2998,2877
2794,2871,2998
2704,2792,2702
2704,2797,2792
2702,2789,2700
2877,2984,2866
2877,2866,2789
2984,2936,2866
2608,2706,2704
2796,2880,2797
2700,2783,2695
2866,2862,2783
2791,2793,2872
2710,2713,2793
2796,2791,2879
2796,2706,2708
2708,2609,2610
2704,2607,2608
2710,2708,2610
2791,2796,2708
2706,2608,2609
2392,2270,2272
2708,2706,2609
2796,2797,2706
2607,2503,2608
2390,2388,2268
2607,2500,2503
2607,2603,2500
2270,2390,2268
2270,2392,2390
2500,2498,2388
2603,2602,2498
2277,2394,2274
2277,2396,2394
2393,2392,2272
2503,2390,2392
2505,2396,2507
2505,2394,2396
2609,2499,2610
2393,2394,2499
2393,2502,2392
2393,2499,2502
2509,2510,2618
2280,2283,2402
2615,2509,2618
2397,2276,2400
2407,2402,2283
2407,2513,2511
2402,2400,2280
2510,2509,2400
2407,2409,2513
2287,2291,2409
2725,2630,2634
2409,2291,2411
2630,2625,2513
2510,2402,2511
2718,2720,2625
2513,2519,2630
2725,2718,2630
2805,2895,2803
2510,2623,2618
2510,2511,2623
2801,2719,2805
2623,2625,2720
2623,2719,2618
2623,2720,2719
2618,2714,2615
2618,2719,2714
2720,2805,2719
2720,2718,2810
2885,2799,2893
2793,2713,2799
2890,2718,2725
2890,2810,2718
2733,2726,2725
2820,2729,2810
2720,2810,2805
2890,2820,2810
2419,2322,2175
2663,2534,2812
2663,2419,2175
2419,2812,2822
1781,2211,1362
2448,2442,2319
1781,1901,2211
2211,1901,2448
2442,2561,2319
2442,2322,2539
2526,2744,2637
2561,2442,2539
2733,2822,2812
2637,2744,2822
2726,2733,2812
2634,2637,2733
2539,2744,2561
2425,2309,2449
2561,2744,2555
2539,2822,2744
2411,2414,2524
2296,2301,2414
2519,2411,2524
2519,2409,2411
2318,2449,2309
2318,2452,2317
1883,2209,2037
2209,2319,2444
1619,1709,1714
2053,2319,2209
2053,2209,1883
2319,2561,2444
2209,2444,2317
2561,2555,2444
1433,1284,1049
886,1062,1093
785,1173,1178
785,577,1062
1727,1890,2071
1714,1883,1890
1173,1572,1178
1173,1619,1572
1049,1284,1083
1433,1952,1284
856,1083,1284
399,376,584
1178,1049,785
1178,1433,1049
677,399,1083
677,39,399
1049,584,785
1083,399,584
428,577,376
584,577,785
376,87,428
1572,1619,1714
1173,1062,1181
1883,1709,2053
1619,1362,1709
1619,1173,1181
577,428,1093
1619,1181,1362
886,1093,688
688,1093,428
38,428,87
1093,1062,577
38,688,428
1027,976,1164
149,365,124
124,365,688
365,886,688
38,124,688
359,887,567
1239,998,1405
1426,1779,1781
365,567,886
365,359,567
1181,1164,1362
976,1426,1164
1181,1027,1164
1181,1062,1027
1027,886,567
1027,1062,886
1901,2203,2448
2015,2322,2203
1164,1426,1781
1866,1880,2015
2812,2419,2663
2822,2539,2419
2725,2726,2890
2812,2534,2726
1901,1866,2203
1880,2060,2015
2663,2458,2534
2663,2175,2458
1405,1375,1545
1768,1375,1634
1779,1866,1901
2060,2225,2200
86,359,149
1768,1799,1942
1779,1545,1866
2232,1942,2060
1866,1545,1880
1239,1426,976
2647,2307,2553
2647,2534,2307
2015,2060,2175
1880,2232,2060
1861,2200,2225
1861,2011,2200
1902,2011,1861
2553,2307,2011
1545,1768,1880
1942,2225,2060
1880,1768,2232
667,872,901
1545,1375,1768
1545,1779,1405
887,1092,1239
872,1256,998
1092,549,1239
301,901,872
1375,1405,998
1779,1426,1405
998,1239,549
1405,1426,1239
976,887,1239
976,567,887
359,365,149
359,686,887
686,416,1092
416,686,37
1092,887,686
686,86,37
686,359,86
1092,416,549
416,123,301
549,872,998
877,664,366
1799,1634,1424
1375,998,1256
847,1424,1256
1634,1375,1256
416,301,549
416,37,123
1256,1424,1634
847,872,667
901,85,36
901,301,85
36,667,901
1285,896,1069
36,122,667
667,122,361
35,664,896
121,366,664
1267,1069,877
1637,1424,1285
84,896,361
84,35,896
872,847,1256
667,361,847
1799,1637,1600
1424,847,1285
896,1285,361
1069,1637,1285
1861,1792,1571
1258,765,952
1069,1267,1637
1076,1258,1457
877,1076,1267
564,765,1076
1076,877,564
1069,664,877
1076,765,1258
564,349,552
344,556,552
552,349,344
1934,1687,1623
1626,1258,952
761,952,765
761,1260,952
1623,1260,1420
1337,952,1260
1260,1623,1337
2003,2281,2202
2084,1626,1337
2084,1902,1626
1792,1942,1600
1768,1634,1799
1267,1457,1600
1267,1076,1457
1768,1942,2232
1799,1600,1942
1457,1792,1600
1457,1571,1792
1687,2202,2084
2553,2011,2338
2084,2202,2338
1687,2003,2202
2011,1902,2338
1571,1626,1902
2063,2195,2205
2399,2546,2285
2399,2310,2554
2195,2063,2351
2310,2441,2554
2001,2198,2438
2285,2205,2310
2285,2003,2205
2823,2646,2732
2441,1998,2138
2558,2438,2293
2138,2001,2438
2554,2646,2823
2441,2138,2646
2646,2508,2732
2138,2438,2508
2807,2616,2709
2508,2438,2558
2709,2605,2703
2616,2508,2558
2871,2884,2966
2703,2605,2606
2536,2746,2606
2884,2703,2606
2884,2746,2788
2606,2391,2536
2746,2684,2788
2746,2536,2652
2391,2558,2293
2605,2616,2558
2266,2391,2293
2606,2605,2391
2188,2095,1917
2684,2496,2705
1684,1993,2217
2536,2391,2266
2431,2652,2656
2536,2266,2656
2656,2652,2536
2431,2346,2188
2290,2496,2431
2643,2705,2496
2652,2431,2496
1517,1684,1506
2432,2290,2029
2643,2496,2290
2656,1993,2346
2656,2266,1993
2001,1898,2198
869,1078,333
2656,2346,2431
1993,1684,1933
1998,2001,2138
1849,1898,2001
1520,1776,1849
1998,2441,2195
2205,2195,2310
2351,1874,2195
1874,1998,2195
1849,2001,1998
2063,1934,1759
2205,2003,1934
1934,1623,1759
1687,1337,1623
1004,1245,1370
2351,2063,2221
1623,1420,1759
1047,761,556
2351,1771,1874
2221,1950,1625
1849,1776,1898
1849,1874,1520
2217,2072,1684
1409,1245,1247
1409,1620,1776
1789,1776,1620
537,1242,742
1431,1449,1242
516,742,1059
1506,2072,1789
1059,742,1136
537,867,1242
2198,2072,2217
1898,1789,2072
742,1449,1136
1684,2072,1506
1488,1917,2095
2346,1993,1933
2290,2188,2029
1488,1785,1142
2431,2188,2290
2346,2095,2188
2188,1917,2029
2095,1785,1488
1933,1785,2095
1933,1684,1517
1431,1142,1785
1465,1574,1488
1933,1517,1785
537,742,516
1506,1449,1517
1506,1136,1449
1517,1431,1785
1517,1449,1431
1488,1142,1465
1431,1032,1142
1068,991,899
1032,867,493
1068,1462,1236
1462,1954,1236
899,991,493
1236,1465,991
274,321,493
675,332,1068
675,1068,899
848,1462,1068
675,321,30
899,493,321
117,325,31
321,79,30
321,274,79
274,698,146
274,493,867
146,698,117
1431,1242,1032
1449,742,1242
1242,867,1032
325,698,867
516,869,275
1059,1620,1247
869,516,1059
327,325,537
275,327,516
325,867,537
516,327,537
275,80,327
80,275,147
118,702,333
147,275,702
147,702,118
692,828,278
855,1624,1273
855,1262,1624
83,349,366
861,278,828
699,148,278
81,692,278
32,333,692
278,148,81
699,119,148
1370,1245,1409
1078,1247,1245
869,1247,1078
869,1059,1247
1370,1520,1771
1370,1409,1520
1620,1409,1247
1776,1520,1409
1759,1950,2221
1420,1624,1950
2221,1625,1771
1262,861,1004
1950,1624,1262
1047,1260,761
1625,1370,1771
1625,1004,1370
1245,1004,828
1625,1262,1004
449,855,685
1624,1420,1047
34,344,349
556,761,552
1624,1047,1273
1420,1260,1047
356,556,344
1273,1047,556
765,552,761
765,564,552
35,121,664
349,564,366
83,34,349
120,82,356
34,120,344
120,356,344
1273,556,356
119,449,33
861,855,449
861,1262,855
699,449,119
855,1273,685
33,449,685
699,861,449
685,82,33
685,356,82
